xof 0303txt 0032
template XSkinMeshHeader {
 <3cf169ce-ff7c-44ab-93c0-f78f62d172e2>
 WORD nMaxSkinWeightsPerVertex;
 WORD nMaxSkinWeightsPerFace;
 WORD nBones;
}

template VertexDuplicationIndices {
 <b8d65549-d7c9-4995-89cf-53a9a8b031e3>
 DWORD nIndices;
 DWORD nOriginalVertices;
 array DWORD indices[nIndices];
}

template SkinWeights {
 <6f0d123b-bad2-4167-a0d0-80224f25fabb>
 STRING transformNodeName;
 DWORD nWeights;
 array DWORD vertexIndices[nWeights];
 array FLOAT weights[nWeights];
 Matrix4x4 matrixOffset;
}

template AnimTicksPerSecond {
 <9e415a43-7ba6-4a73-8743-b73d47e88476>
 DWORD AnimTicksPerSecond;
}


AnimTicksPerSecond {
 24;
}

Frame Dummy01 {
 

 FrameTransformMatrix {
  1.000000,0.000000,0.000000,0.000000,0.000000,-0.000000,-1.000000,0.000000,0.000000,1.000000,-0.000000,0.000000,0.000000,0.000000,0.000000,1.000000;;
 }

 Frame Bip01 {
  

  FrameTransformMatrix {
   0.000001,0.933237,0.359261,0.000000,-0.000000,-0.359261,0.933237,0.000000,1.000000,-0.000001,-0.000000,0.000000,0.000000,0.000000,0.000000,1.000000;;
  }

  Frame Bip01_Pelvis {
   

   FrameTransformMatrix {
    -0.000000,1.000000,-0.000001,0.000000,-0.000001,0.000001,1.000000,0.000000,1.000000,0.000000,0.000001,0.000000,0.000000,0.000000,0.000000,1.000000;;
   }

   Frame Bip01_Spine {
    

    FrameTransformMatrix {
     0.964947,0.000001,0.262445,0.000000,-0.000003,1.000000,0.000004,0.000000,-0.262445,-0.000005,0.964947,0.000000,0.051656,0.000000,-0.000082,1.000000;;
    }

    Frame Bip01_Spine1 {
     

     FrameTransformMatrix {
      0.981495,0.000001,0.191486,0.000000,-0.000001,1.000000,-0.000000,0.000000,-0.191486,-0.000000,0.981495,0.000000,0.106496,-0.000000,-0.000083,1.000000;;
     }

     Frame Bip01_Neck {
      

      FrameTransformMatrix {
       0.903366,0.000001,0.428870,0.000000,-0.000001,1.000000,-0.000000,0.000000,-0.428870,-0.000000,0.903366,0.000000,0.130516,0.000000,0.004628,1.000000;;
      }

      Frame Bip01_Head {
       

       FrameTransformMatrix {
        0.915189,-0.000001,-0.403025,0.000000,0.000001,1.000000,-0.000001,0.000000,0.403025,0.000000,0.915189,0.000000,0.033674,-0.000000,0.000000,1.000000;;
       }

       Frame Bip01_HeadNub {
        

        FrameTransformMatrix {
         1.000000,0.000000,0.000000,0.000000,0.000000,1.000000,-0.000000,0.000000,0.000000,-0.000000,1.000000,0.000000,0.169824,-0.000000,-0.000000,1.000000;;
        }
       }
      }

      Frame Bip01_L_Clavicle {
       

       FrameTransformMatrix {
        -0.078704,0.996195,0.037438,0.000000,0.899588,0.087155,-0.427955,0.000000,-0.429589,-0.000003,-0.903024,0.000000,-0.023698,0.015715,0.006128,1.000000;;
       }

       Frame Bip01_L_UpperArm {
        

        FrameTransformMatrix {
         0.361797,-0.736860,-0.571088,0.000000,0.883348,0.466774,-0.042645,0.000000,0.297992,-0.489041,0.819781,0.000000,0.087116,0.000006,0.000017,1.000000;;
        }

        Frame Bip01_L_Forearm {
         

         FrameTransformMatrix {
          0.651064,0.067775,-0.755992,0.000000,-0.295515,0.940051,-0.170222,0.000000,0.699134,0.334231,0.632062,0.000000,0.137106,0.000017,-0.000024,1.000000;;
         }

         Frame Bip01_L_Hand {
          

          FrameTransformMatrix {
           0.992321,0.064523,-0.105528,0.000000,0.097887,0.111894,0.988887,0.000000,0.075614,-0.991623,0.104719,0.000000,0.137062,0.000000,0.000000,1.000000;;
          }

          Frame Bip01_L_Finger0 {
           

           FrameTransformMatrix {
            0.384574,-0.204175,0.900231,0.000000,0.681286,0.720818,-0.127559,0.000000,-0.622858,0.662371,0.416310,0.000000,0.057681,-0.023605,-0.000272,1.000000;;
           }

           Frame Bip01_L_Finger0Nub {
            

            FrameTransformMatrix {
             1.000000,-0.000000,0.000000,0.000000,-0.000000,1.000000,0.000000,0.000000,0.000000,0.000000,1.000000,0.000000,0.029435,0.000000,0.000000,1.000000;;
            }
           }
          }

          Frame Bip01_L_Finger1 {
           

           FrameTransformMatrix {
            0.880689,-0.000377,0.473694,0.000000,-0.000000,1.000000,0.000796,0.000000,-0.473695,-0.000701,0.880689,0.000000,0.084102,0.000000,0.000000,1.000000;;
           }

           Frame Bip01_L_Finger1Nub {
            

            FrameTransformMatrix {
             1.000000,0.000000,-0.000000,0.000000,0.000000,1.000000,0.000000,0.000000,-0.000000,-0.000000,1.000000,0.000000,0.047988,-0.000000,0.000000,1.000000;;
            }
           }
          }
         }
        }
       }
      }

      Frame Bip01_R_Clavicle {
       

       FrameTransformMatrix {
        -0.078704,-0.996195,0.037444,0.000000,-0.899588,0.087157,0.427955,0.000000,-0.429589,-0.000003,-0.903024,0.000000,-0.023698,-0.015714,0.006128,1.000000;;
       }

       Frame Bip01_R_UpperArm {
        

        FrameTransformMatrix {
         0.369549,0.733211,-0.570821,0.000000,-0.889223,0.457323,0.011743,0.000000,0.269659,0.503248,0.820992,0.000000,0.087117,-0.000006,0.000017,1.000000;;
        }

        Frame Bip01_R_Forearm {
         

         FrameTransformMatrix {
          0.648644,-0.040129,-0.760035,0.000000,0.022768,0.999185,-0.033324,0.000000,0.760752,0.004311,0.649029,0.000000,0.137064,0.000026,0.000028,1.000000;;
         }

         Frame Bip01_R_Hand {
          

          FrameTransformMatrix {
           0.994036,-0.011965,-0.108391,0.000000,-0.104454,0.181037,-0.977914,0.000000,0.031324,0.983403,0.178708,0.000000,0.137062,0.000000,-0.000000,1.000000;;
          }

          Frame Bip01_R_Finger0 {
           

           FrameTransformMatrix {
            0.384575,0.204175,0.900231,0.000000,-0.681287,0.720818,0.127559,0.000000,-0.622858,-0.662371,0.416310,0.000000,0.057681,0.023605,-0.000272,1.000000;;
           }

           Frame Bip01_R_Finger0Nub {
            

            FrameTransformMatrix {
             -1.000000,-0.000000,0.000000,0.000000,-0.000000,1.000000,0.000000,0.000000,0.000000,-0.000000,-1.000000,0.000000,0.029435,0.000000,0.000000,1.000000;;
            }
           }
          }

          Frame Bip01_R_Finger1 {
           

           FrameTransformMatrix {
            0.880689,0.000377,0.473695,0.000000,0.000000,1.000000,-0.000796,0.000000,-0.473695,0.000701,0.880689,0.000000,0.084102,-0.000000,0.000000,1.000000;;
           }

           Frame Bip01_R_Finger1Nub {
            

            FrameTransformMatrix {
             -1.000000,0.000000,0.000000,0.000000,0.000000,1.000000,0.000000,0.000000,-0.000000,0.000000,-1.000000,0.000000,0.047988,0.000000,-0.000000,1.000000;;
            }
           }
          }
         }
        }
       }
      }
     }

     Frame Bip01_BackPack {
      

      FrameTransformMatrix {
       0.190104,-0.000002,-0.981764,0.000000,0.000003,1.000000,-0.000002,0.000000,0.981764,-0.000002,0.190104,0.000000,0.063697,-0.000000,-0.088856,1.000000;;
      }

      Frame Bip01_BackPackNub {
       

       FrameTransformMatrix {
        0.000796,0.000003,1.000000,0.000000,-0.000000,-1.000000,0.000003,0.000000,1.000000,-0.000000,-0.000796,0.000000,0.053240,0.000000,0.000000,1.000000;;
       }
      }
     }
    }

    Frame Bip01_L_Thigh {
     

     FrameTransformMatrix {
      -0.095608,0.342023,0.934815,0.000000,-0.034800,-0.939692,0.340248,0.000000,0.994811,-0.000000,0.101744,0.000000,-0.044558,0.055200,0.026036,1.000000;;
     }

     Frame Bip01_L_Calf {
      

      FrameTransformMatrix {
       0.210456,-0.070510,-0.975057,0.000000,-0.338634,0.930389,-0.140371,0.000000,0.917080,0.359729,0.171929,0.000000,0.237511,0.000036,-0.000000,1.000000;;
      }

      Frame Bip01_L_Foot {
       

       FrameTransformMatrix {
        0.990990,-0.046726,0.125519,0.000000,0.064825,0.987420,-0.144221,0.000000,-0.117201,0.151059,0.981552,0.000000,0.206841,0.000000,0.000000,1.000000;;
       }

       Frame Bip01_L_Toe0 {
        

        FrameTransformMatrix {
         0.000000,-0.000000,1.000000,0.000000,-0.000000,1.000000,0.000000,0.000000,-1.000000,-0.000000,-0.000000,0.000000,0.065373,-0.000000,0.066450,1.000000;;
        }

        Frame Bip01_L_Toe0Nub {
         

         FrameTransformMatrix {
          -1.000000,-0.000000,-0.000000,0.000000,-0.000000,1.000000,-0.000000,0.000000,-0.000000,0.000000,-1.000000,0.000000,0.006735,-0.000000,0.000000,1.000000;;
         }
        }
       }
      }
     }
    }

    Frame Bip01_R_Thigh {
     

     FrameTransformMatrix {
      -0.095609,-0.342017,0.934817,0.000000,0.034798,-0.939694,-0.340243,0.000000,0.994811,-0.000000,0.101744,0.000000,-0.044558,-0.055200,0.026036,1.000000;;
     }

     Frame Bip01_R_Calf {
      

      FrameTransformMatrix {
       0.214246,0.080923,-0.973422,0.000000,0.338066,0.928828,0.151623,0.000000,0.916412,-0.361565,0.171641,0.000000,0.237511,-0.000036,0.000000,1.000000;;
      }

      Frame Bip01_R_Foot {
       

       FrameTransformMatrix {
        0.994408,0.017300,0.104179,0.000000,-0.032144,0.989267,0.142540,0.000000,-0.100595,-0.145092,0.984291,0.000000,0.206841,-0.000000,0.000000,1.000000;;
       }

       Frame Bip01_R_Toe0 {
        

        FrameTransformMatrix {
         0.000000,0.000000,1.000000,0.000000,0.000000,1.000000,-0.000000,0.000000,-1.000000,0.000000,0.000000,0.000000,0.065373,0.000000,0.066450,1.000000;;
        }

        Frame Bip01_R_Toe0Nub {
         

         FrameTransformMatrix {
          1.000000,0.000000,0.000000,0.000000,0.000000,1.000000,0.000000,0.000000,0.000000,0.000000,1.000000,0.000000,0.006735,-0.000000,0.000000,1.000000;;
         }
        }
       }
      }
     }
    }
   }

   Frame Bip01_DressFront {
    

    FrameTransformMatrix {
     -0.308236,-0.000002,0.951310,0.000000,-0.000004,1.000000,0.000001,0.000000,-0.951310,-0.000004,-0.308236,0.000000,0.019097,0.001399,0.055492,1.000000;;
    }

    Frame Bip01_DressFront02 {
     

     FrameTransformMatrix {
      0.698867,0.000002,0.715252,0.000000,-0.000002,1.000000,-0.000001,0.000000,-0.715252,-0.000001,0.698867,0.000000,0.183419,-0.000000,-0.000092,1.000000;;
     }

     Frame Bip01_DressFrontNub {
      

      FrameTransformMatrix {
       0.000796,0.000003,1.000000,0.000000,0.000000,-1.000000,0.000003,0.000000,1.000000,-0.000000,-0.000796,0.000000,0.165302,0.000000,0.000000,1.000000;;
      }
     }
    }
   }

   Frame Bip01_DressBack {
    

    FrameTransformMatrix {
     -0.407818,-0.000002,0.913064,0.000000,-0.000004,1.000000,0.000000,0.000000,-0.913064,-0.000003,-0.407818,0.000000,-0.064865,-0.000000,-0.029313,1.000000;;
    }

    Frame Bip01_DressBack02 {
     

     FrameTransformMatrix {
      0.776205,0.000002,0.630480,0.000000,-0.000002,1.000000,-0.000001,0.000000,-0.630480,-0.000001,0.776205,0.000000,0.176227,-0.000000,-0.000084,1.000000;;
     }

     Frame Bip01_DressBackNub {
      

      FrameTransformMatrix {
       0.000796,0.000003,1.000000,0.000000,0.000000,-1.000000,0.000003,0.000000,1.000000,-0.000000,-0.000796,0.000000,0.136508,-0.000000,-0.000000,1.000000;;
      }
     }
    }
   }
  }

  Frame Bip01_Prop1 {
   

   FrameTransformMatrix {
    -0.383357,-0.544071,0.746341,0.000000,0.040636,0.797359,0.602136,0.000000,-0.922706,0.261161,-0.283564,0.000000,0.263357,-0.015659,-0.152400,1.000000;;
   }
  }

  Frame Bip01_Prop2 {
   

   FrameTransformMatrix {
    0.995164,-0.095741,-0.021949,0.000000,0.069004,0.840461,-0.537461,0.000000,0.069904,0.533347,0.843003,0.000000,0.264850,-0.016234,0.159300,1.000000;;
   }
  }
 }
}

Frame Translation_Data {
 

 FrameTransformMatrix {
  -0.000000,0.000000,-1.000000,0.000000,-1.000000,-0.000000,0.000000,0.000000,-0.000000,1.000000,0.000000,0.000000,0.000000,-0.000000,0.000000,1.000000;;
 }
}

Frame Body {
 

 FrameTransformMatrix {
  1.000000,0.000000,0.000000,0.000000,0.000000,1.000000,0.000000,0.000000,0.000000,0.000000,1.000000,0.000000,0.000000,0.000000,0.000000,1.000000;;
 }

 Mesh Body {
  617;
  0.068854;0.261835;-0.008052;,
  0.028069;0.282301;0.004731;,
  0.033279;0.252308;-0.010174;,
  0.079004;0.241458;-0.010715;,
  0.084585;0.226431;-0.010355;,
  0.040922;0.220505;-0.025948;,
  0.054006;0.189016;-0.028403;,
  0.090647;0.191621;0.002478;,
  0.029036;0.304628;0.040995;,
  0.070030;0.285236;0.039155;,
  0.078212;0.280502;0.067004;,
  0.046862;0.285900;0.072470;,
  0.083349;0.032160;0.053873;,
  0.042026;0.019021;0.074902;,
  0.042914;0.035774;0.074168;,
  0.076569;0.045065;0.054153;,
  0.071273;0.063367;0.001775;,
  0.084221;0.032384;0.010644;,
  0.043439;0.068729;-0.028535;,
  0.041022;0.015837;-0.037560;,
  0.069941;0.021677;-0.021479;,
  0.000001;0.222209;-0.028777;,
  -0.000000;0.187879;-0.035896;,
  -0.000000;0.015117;0.073153;,
  -0.000000;0.033804;0.073415;,
  0.052058;0.147691;0.094506;,
  -0.000000;0.148515;0.098538;,
  0.000001;0.189997;0.104525;,
  0.056990;0.191886;0.100141;,
  0.063093;0.032089;-0.038679;,
  0.078159;0.055572;-0.133422;,
  0.112628;0.023004;-0.136014;,
  0.094205;-0.002460;-0.034768;,
  0.086498;0.060507;-0.243437;,
  0.109429;0.020838;-0.229664;,
  0.013835;0.029980;-0.040897;,
  0.007700;-0.062113;-0.029112;,
  0.025847;-0.039160;-0.147744;,
  0.028080;0.036356;-0.139766;,
  0.051429;-0.002443;-0.220630;,
  0.053832;0.030731;-0.235426;,
  0.085205;-0.055839;-0.035817;,
  0.105566;-0.041101;-0.142012;,
  0.091697;-0.006824;-0.215808;,
  0.085920;-0.214834;-0.366460;,
  0.041025;-0.213010;-0.368926;,
  0.046354;-0.241658;-0.329756;,
  0.081211;-0.241519;-0.329987;,
  0.080957;-0.006987;-0.276661;,
  0.073408;-0.070332;-0.314362;,
  0.098091;-0.091207;-0.289151;,
  0.107840;-0.027747;-0.250943;,
  0.066083;-0.139555;-0.353330;,
  0.083039;-0.157792;-0.329082;,
  0.035321;-0.028690;-0.269535;,
  0.030511;-0.044270;-0.216235;,
  0.032761;-0.095764;-0.257248;,
  0.040542;-0.081274;-0.296791;,
  0.048970;-0.158826;-0.305486;,
  0.047119;-0.160432;-0.336914;,
  0.102034;-0.048769;-0.206573;,
  0.093924;-0.105904;-0.253763;,
  0.073120;-0.156964;-0.301726;,
  0.090324;0.003594;0.005099;,
  -0.000001;0.012934;-0.051414;,
  -0.000001;-0.024291;-0.050739;,
  0.013835;0.029980;-0.040897;,
  0.092057;-0.020837;0.053922;,
  0.042026;-0.030696;0.075869;,
  0.085196;-0.058517;-0.001326;,
  0.039276;-0.068777;0.021420;,
  0.047486;0.096967;0.083498;,
  0.083731;0.147053;0.076809;,
  0.095217;0.152941;0.060193;,
  0.088743;0.159399;0.007283;,
  0.071861;0.109329;0.009373;,
  0.079480;0.100605;0.058571;,
  0.054400;0.159416;-0.028251;,
  0.048920;0.109130;-0.019821;,
  -0.000000;0.163166;-0.034416;,
  -0.000000;0.105121;-0.025053;,
  0.119258;0.261486;-0.021811;,
  0.069135;0.245139;-0.011039;,
  0.141715;0.228313;-0.052799;,
  0.086906;0.204112;-0.053208;,
  0.109911;0.169269;-0.076442;,
  0.154582;0.188271;-0.077432;,
  0.087324;0.200486;0.026206;,
  0.104444;0.163271;-0.004323;,
  0.086906;0.204112;-0.053208;,
  0.125958;0.129012;-0.051821;,
  0.109911;0.169269;-0.076442;,
  0.096772;0.199713;0.032417;,
  0.136388;0.219947;0.026456;,
  0.159290;0.187666;-0.003652;,
  0.170536;0.147830;-0.052947;,
  0.133590;0.247080;0.000172;,
  0.153158;0.200132;-0.090549;,
  0.100020;0.178304;-0.090995;,
  0.103536;0.186285;-0.151045;,
  0.137404;0.200147;-0.148179;,
  0.103558;0.186206;-0.191974;,
  0.127068;0.197357;-0.197043;,
  0.100020;0.178304;-0.090995;,
  0.123515;0.119623;-0.092144;,
  0.132355;0.136911;-0.153432;,
  0.103536;0.186285;-0.151045;,
  0.125367;0.153830;-0.197854;,
  0.103558;0.186206;-0.191974;,
  0.176358;0.141353;-0.091605;,
  0.158206;0.147840;-0.150912;,
  0.141246;0.162606;-0.200935;,
  0.080740;0.222106;-0.314299;,
  0.072298;0.213095;-0.296095;,
  0.095315;0.170859;-0.293855;,
  0.103400;0.180216;-0.311693;,
  0.070590;0.209208;-0.250529;,
  0.072792;0.204815;-0.260613;,
  0.076788;0.213899;-0.265363;,
  0.070066;0.220396;-0.253795;,
  0.108709;0.155540;-0.233426;,
  0.114495;0.167529;-0.268336;,
  0.099618;0.213590;-0.247306;,
  0.086339;0.197668;-0.219395;,
  0.142975;0.171574;-0.233000;,
  0.129783;0.177721;-0.276113;,
  0.120597;0.215843;-0.217462;,
  0.115886;0.221931;-0.255198;,
  0.099300;0.285581;0.038306;,
  0.103975;0.285797;0.008823;,
  0.070030;0.285236;0.039155;,
  0.067516;0.282847;0.012316;,
  0.093799;0.195402;0.082907;,
  0.038722;0.296245;0.015351;,
  0.099037;0.268260;-0.010012;,
  0.068854;0.261835;-0.008052;,
  0.079004;0.241458;-0.010715;,
  0.097456;0.250479;-0.006374;,
  0.097072;0.238542;0.072291;,
  0.057779;0.233753;0.092426;,
  0.099635;0.242285;0.068037;,
  0.000001;0.228684;0.096210;,
  0.000001;0.281246;0.067158;,
  0.078212;0.280502;0.067004;,
  0.099635;0.242285;0.068037;,
  0.085578;0.220527;0.018408;,
  0.099887;0.234157;0.058935;,
  0.069135;0.245139;-0.011039;,
  0.095938;0.191992;0.051063;,
  0.089013;0.188474;0.016818;,
  0.084585;0.226431;-0.010355;,
  0.101289;0.194939;0.066817;,
  0.086339;0.197668;-0.219395;,
  0.026043;0.329137;0.026956;,
  0.035203;0.322013;0.006866;,
  0.000031;0.307031;0.045306;,
  0.000000;0.333277;0.034551;,
  0.115886;0.221931;-0.255198;,
  0.080740;0.222106;-0.314299;,
  0.103400;0.180216;-0.311693;,
  0.080800;0.207812;-0.233440;,
  0.085238;0.230292;-0.245520;,
  0.080800;0.207812;-0.233440;,
  0.087723;0.203663;-0.249305;,
  0.101467;0.221987;-0.258310;,
  0.101467;0.221987;-0.258310;,
  0.070590;0.209208;-0.250529;,
  0.070066;0.220396;-0.253795;,
  0.076788;0.213899;-0.265363;,
  0.092160;-0.152096;-0.415825;,
  0.060585;-0.132472;-0.447935;,
  0.061906;-0.143233;-0.464721;,
  0.097720;-0.165320;-0.434403;,
  0.042608;-0.208390;-0.318687;,
  0.046354;-0.241658;-0.329756;,
  0.041025;-0.213010;-0.368926;,
  0.039653;-0.191343;-0.356284;,
  0.048970;-0.158826;-0.305486;,
  0.073120;-0.156964;-0.301726;,
  0.084148;-0.205635;-0.317338;,
  0.085920;-0.214834;-0.366460;,
  0.081211;-0.241519;-0.329987;,
  0.087070;-0.185127;-0.347890;,
  0.066083;-0.139555;-0.353330;,
  0.083039;-0.157792;-0.329082;,
  0.026966;-0.149377;-0.456262;,
  0.033092;-0.141077;-0.441269;,
  0.097720;-0.165320;-0.434403;,
  0.026966;-0.149377;-0.456262;,
  0.028080;0.036356;-0.139766;,
  0.053832;0.030731;-0.235426;,
  0.035321;-0.028690;-0.269535;,
  0.040542;-0.081274;-0.296791;,
  0.047119;-0.160432;-0.336914;,
  0.047119;-0.160432;-0.336914;,
  0.000000;-0.054099;-0.008133;,
  0.046110;0.323827;-0.011501;,
  0.037519;0.319646;-0.030718;,
  0.028589;0.313095;-0.028880;,
  0.027269;0.314417;-0.009179;,
  0.038411;0.343587;0.011483;,
  0.030495;0.354038;0.031748;,
  0.019681;0.461607;-0.027123;,
  -0.000000;0.466198;-0.027200;,
  -0.000000;0.453010;-0.053981;,
  0.033917;0.393575;-0.072040;,
  0.030249;0.422146;-0.064755;,
  0.016958;0.392292;-0.078635;,
  0.051436;0.351581;-0.008624;,
  0.043398;0.339791;-0.034728;,
  0.044542;0.335405;-0.002995;,
  0.052560;0.387101;0.007530;,
  0.053036;0.396360;-0.015188;,
  0.052320;0.432880;-0.022292;,
  0.043654;0.429597;-0.048640;,
  0.048803;0.391064;-0.041580;,
  0.039116;0.400342;0.043593;,
  0.049953;0.391454;0.023549;,
  -0.000000;0.401674;0.054723;,
  -0.000000;0.448728;0.040040;,
  0.032856;0.446440;0.029882;,
  0.049277;0.368437;-0.039756;,
  0.034842;0.362520;-0.062863;,
  0.034041;0.329694;-0.048216;,
  0.019502;0.304721;-0.059072;,
  -0.000000;0.300919;-0.068331;,
  -0.000000;0.299622;-0.047229;,
  0.025758;0.441800;-0.056637;,
  0.039361;0.451338;-0.026365;,
  0.048001;0.443113;0.011105;,
  0.034467;0.460160;0.001719;,
  -0.000000;0.468209;0.010148;,
  0.017234;0.465888;0.007900;,
  -0.000000;0.362852;0.044377;,
  0.048001;0.443113;0.011105;,
  0.034467;0.460160;0.001719;,
  0.056104;0.382029;-0.005547;,
  0.055906;0.354258;-0.009349;,
  0.062598;0.382103;0.007722;,
  0.059464;0.400809;-0.001113;,
  0.062598;0.382103;0.007722;,
  0.055906;0.354258;-0.009349;,
  0.059464;0.400809;-0.001113;,
  0.053036;0.396360;-0.015188;,
  0.053542;0.371896;-0.021076;,
  0.051436;0.351581;-0.008624;,
  0.034554;0.384762;-0.063630;,
  0.053542;0.371896;-0.021076;,
  0.038722;0.296245;0.015351;,
  0.035203;0.322013;0.006866;,
  0.067516;0.282847;0.012316;,
  0.038411;0.343587;0.011483;,
  0.000001;0.270642;-0.013649;,
  0.000001;0.247415;-0.018797;,
  -0.000000;0.067785;-0.032670;,
  -0.000000;-0.033071;0.074707;,
  0.000000;-0.063865;0.059595;,
  -0.000619;-0.077349;0.038672;,
  0.000000;0.296128;-0.028174;,
  0.000000;-0.054099;-0.008133;,
  0.017234;0.465888;0.007900;,
  -0.000000;0.468209;0.010148;,
  0.020119;0.336104;-0.065276;,
  0.012582;0.358632;-0.072858;,
  0.012774;0.348979;-0.072837;,
  -0.000000;0.443203;-0.065972;,
  -0.000000;0.421024;-0.078440;,
  0.014875;0.383624;-0.069146;,
  -0.000000;0.096117;0.085486;,
  0.067516;0.282847;0.012316;,
  0.061906;-0.143233;-0.464721;,
  0.019524;0.329531;-0.064865;,
  0.011857;0.327312;-0.071765;,
  0.011672;0.332208;-0.068285;,
  -0.000000;0.356169;-0.087397;,
  -0.000000;0.347872;-0.077813;,
  0.011420;0.336018;-0.073194;,
  -0.000000;0.332496;-0.068809;,
  -0.000000;0.325596;-0.074463;,
  -0.000000;0.391009;-0.085228;,
  -0.000000;0.381713;-0.081104;,
  0.099887;0.234157;0.058935;,
  -0.000000;0.336007;-0.076930;,
  0.081010;0.223339;0.035131;,
  0.085578;0.220527;0.018408;,
  0.084585;0.226431;-0.010355;,
  0.049953;0.391454;0.023549;,
  0.080957;-0.006987;-0.276661;,
  0.034049;0.008082;-0.276175;,
  0.041146;-0.053611;-0.321932;,
  0.073408;-0.070332;-0.314362;,
  0.086498;0.060507;-0.243437;,
  0.039241;0.060219;-0.230944;,
  0.078159;0.055572;-0.133422;,
  0.021774;0.052184;-0.134277;,
  0.063093;0.032089;-0.038679;,
  0.014251;0.048960;-0.045693;,
  0.041022;0.015837;-0.037560;,
  0.039318;-0.107795;-0.369450;,
  0.066083;-0.139555;-0.353330;,
  0.033527;-0.122499;-0.243051;,
  0.031642;-0.180741;-0.281884;,
  0.002567;-0.215541;-0.301196;,
  0.001880;-0.161083;-0.252544;,
  0.001641;-0.103591;-0.214167;,
  0.032688;-0.053663;-0.205225;,
  0.001675;-0.070239;-0.172105;,
  0.040329;-0.025131;-0.211492;,
  0.022950;-0.053796;-0.148852;,
  -0.000868;-0.071166;-0.106731;,
  0.000000;-0.082399;0.018999;,
  0.081010;0.223339;0.035131;,
  -0.068853;0.261835;-0.008052;,
  -0.079002;0.241458;-0.010715;,
  -0.033277;0.252308;-0.010174;,
  -0.028067;0.282301;0.004731;,
  -0.084704;0.226589;-0.010395;,
  -0.090645;0.191621;0.002479;,
  -0.054006;0.189016;-0.028403;,
  -0.040920;0.220506;-0.025948;,
  -0.029034;0.304628;0.040995;,
  -0.046860;0.285900;0.072471;,
  -0.078106;0.280452;0.067011;,
  -0.070038;0.285122;0.039193;,
  -0.083349;0.032159;0.053873;,
  -0.076569;0.045065;0.054153;,
  -0.042914;0.035774;0.074168;,
  -0.042026;0.019020;0.074902;,
  -0.071273;0.063367;0.001775;,
  -0.084221;0.032384;0.010644;,
  -0.043439;0.068729;-0.028535;,
  -0.069851;0.021740;-0.021491;,
  -0.041024;0.015837;-0.037560;,
  -0.000000;0.033804;0.073415;,
  -0.000000;0.015117;0.073153;,
  -0.052058;0.147691;0.094506;,
  -0.056988;0.191886;0.100141;,
  0.000001;0.189997;0.104525;,
  -0.000000;0.148515;0.098538;,
  -0.062434;0.031946;-0.039023;,
  -0.094429;-0.001985;-0.034468;,
  -0.113561;0.022999;-0.135617;,
  -0.078218;0.054668;-0.133784;,
  -0.111492;0.019668;-0.229256;,
  -0.087691;0.059002;-0.243397;,
  -0.013533;0.028414;-0.041697;,
  -0.028740;0.034061;-0.140468;,
  -0.028593;-0.041572;-0.147603;,
  -0.009042;-0.063421;-0.029098;,
  -0.055724;0.028047;-0.235724;,
  -0.054011;-0.005470;-0.220850;,
  -0.108263;-0.041333;-0.140957;,
  -0.086624;-0.055810;-0.035198;,
  -0.094320;-0.008732;-0.215510;,
  -0.094698;-0.215334;-0.369624;,
  -0.089989;-0.242019;-0.333150;,
  -0.055132;-0.242158;-0.332921;,
  -0.049804;-0.213510;-0.372091;,
  -0.084530;-0.008197;-0.277164;,
  -0.111641;-0.028601;-0.251402;,
  -0.104316;-0.091652;-0.290809;,
  -0.079392;-0.071077;-0.316030;,
  -0.091833;-0.158074;-0.332146;,
  -0.074728;-0.139865;-0.356322;,
  -0.039455;-0.031343;-0.271081;,
  -0.046615;-0.083275;-0.299135;,
  -0.038698;-0.098665;-0.259960;,
  -0.034343;-0.047972;-0.218127;,
  -0.055898;-0.160932;-0.340079;,
  -0.057530;-0.160036;-0.308876;,
  -0.100076;-0.107072;-0.255739;,
  -0.105822;-0.050545;-0.207481;,
  -0.081633;-0.157751;-0.304878;,
  -0.090324;0.003594;0.005099;,
  -0.013533;0.028414;-0.041697;,
  -0.042026;-0.030696;0.075869;,
  -0.092057;-0.020837;0.053922;,
  -0.040063;-0.069153;0.021595;,
  -0.086038;-0.058475;-0.000948;,
  -0.047486;0.096967;0.083499;,
  -0.083731;0.147053;0.076809;,
  -0.095217;0.152941;0.060193;,
  -0.079480;0.100605;0.058572;,
  -0.071861;0.109329;0.009374;,
  -0.088743;0.159399;0.007283;,
  -0.048920;0.109130;-0.019821;,
  -0.054400;0.159416;-0.028250;,
  -0.121081;0.260345;-0.021269;,
  -0.141564;0.225632;-0.051935;,
  -0.069505;0.248126;-0.011980;,
  -0.151754;0.184821;-0.076565;,
  -0.105659;0.169570;-0.076931;,
  -0.084978;0.206045;-0.054016;,
  -0.082929;0.201883;0.025347;,
  -0.084978;0.206045;-0.054016;,
  -0.097750;0.163577;-0.005038;,
  -0.105659;0.169570;-0.076931;,
  -0.117655;0.127966;-0.052243;,
  -0.092108;0.200291;0.031800;,
  -0.154382;0.183353;-0.002693;,
  -0.133405;0.217220;0.027073;,
  -0.163646;0.143042;-0.052016;,
  -0.133572;0.244662;0.000962;,
  -0.151672;0.196845;-0.089612;,
  -0.137551;0.198535;-0.147639;,
  -0.102747;0.187538;-0.151527;,
  -0.096949;0.179485;-0.091664;,
  -0.128301;0.196946;-0.196795;,
  -0.103831;0.187203;-0.192274;,
  -0.096949;0.179485;-0.091664;,
  -0.102747;0.187538;-0.151527;,
  -0.127453;0.135968;-0.153575;,
  -0.115549;0.119073;-0.092697;,
  -0.103831;0.187203;-0.192274;,
  -0.123790;0.153722;-0.197963;,
  -0.154036;0.144707;-0.150272;,
  -0.169967;0.136357;-0.090560;,
  -0.139810;0.161235;-0.200619;,
  -0.080737;0.222105;-0.314299;,
  -0.103397;0.180215;-0.311693;,
  -0.095312;0.170858;-0.293855;,
  -0.072295;0.213094;-0.296095;,
  -0.070589;0.209210;-0.250528;,
  -0.070065;0.220398;-0.253792;,
  -0.076787;0.213901;-0.265361;,
  -0.072791;0.204817;-0.260611;,
  -0.108708;0.155539;-0.233426;,
  -0.086338;0.197667;-0.219395;,
  -0.099617;0.213589;-0.247306;,
  -0.114494;0.167528;-0.268336;,
  -0.129782;0.177720;-0.276113;,
  -0.142974;0.171573;-0.233000;,
  -0.120596;0.215843;-0.217462;,
  -0.115884;0.221931;-0.255198;,
  -0.099296;0.285572;0.038309;,
  -0.103981;0.285783;0.008828;,
  -0.067516;0.282847;0.012317;,
  -0.070038;0.285122;0.039193;,
  -0.093797;0.195403;0.082907;,
  -0.038720;0.296245;0.015351;,
  -0.099222;0.268206;-0.009977;,
  -0.098265;0.250929;-0.006446;,
  -0.079002;0.241458;-0.010715;,
  -0.068853;0.261835;-0.008052;,
  -0.096623;0.238676;0.072207;,
  -0.099146;0.242394;0.067957;,
  -0.057777;0.233754;0.092426;,
  0.000001;0.228684;0.096210;,
  0.000001;0.281246;0.067158;,
  -0.078106;0.280452;0.067011;,
  -0.099146;0.242394;0.067957;,
  -0.085583;0.220672;0.018362;,
  -0.069505;0.248126;-0.011980;,
  -0.099513;0.234330;0.058845;,
  -0.089011;0.188474;0.016818;,
  -0.095936;0.191993;0.051064;,
  -0.084704;0.226589;-0.010395;,
  -0.101287;0.194940;0.066817;,
  -0.086338;0.197667;-0.219395;,
  -0.035203;0.322013;0.006866;,
  -0.026043;0.329137;0.026956;,
  0.000000;0.333277;0.034551;,
  0.000031;0.307031;0.045306;,
  -0.115884;0.221931;-0.255198;,
  -0.080737;0.222105;-0.314299;,
  -0.103397;0.180215;-0.311693;,
  -0.085237;0.230294;-0.245518;,
  -0.080799;0.207813;-0.233439;,
  -0.080799;0.207813;-0.233439;,
  -0.087722;0.203665;-0.249303;,
  -0.101466;0.221989;-0.258308;,
  -0.101466;0.221989;-0.258308;,
  -0.070065;0.220398;-0.253792;,
  -0.070589;0.209210;-0.250528;,
  -0.076787;0.213901;-0.265361;,
  -0.100940;-0.152596;-0.418990;,
  -0.106500;-0.165820;-0.437567;,
  -0.070686;-0.143733;-0.467885;,
  -0.069365;-0.132973;-0.451099;,
  -0.051386;-0.208890;-0.321852;,
  -0.048432;-0.191843;-0.359449;,
  -0.049804;-0.213510;-0.372091;,
  -0.055132;-0.242158;-0.332921;,
  -0.057530;-0.160036;-0.308876;,
  -0.092926;-0.206134;-0.320502;,
  -0.081633;-0.157751;-0.304878;,
  -0.094698;-0.215334;-0.369624;,
  -0.095848;-0.185627;-0.351054;,
  -0.089989;-0.242019;-0.333150;,
  -0.074728;-0.139865;-0.356322;,
  -0.091833;-0.158074;-0.332146;,
  -0.041872;-0.141577;-0.444434;,
  -0.035746;-0.149877;-0.459427;,
  -0.035746;-0.149877;-0.459427;,
  -0.106500;-0.165820;-0.437567;,
  -0.028740;0.034061;-0.140468;,
  -0.055724;0.028047;-0.235724;,
  -0.039455;-0.031343;-0.271081;,
  -0.046615;-0.083275;-0.299135;,
  -0.055898;-0.160932;-0.340079;,
  -0.055898;-0.160932;-0.340079;,
  -0.046110;0.323828;-0.011499;,
  -0.027269;0.314417;-0.009179;,
  -0.028589;0.313095;-0.028878;,
  -0.037519;0.319646;-0.030716;,
  -0.038411;0.343588;0.011483;,
  -0.030495;0.354038;0.031748;,
  -0.019681;0.461607;-0.027123;,
  -0.000000;0.466198;-0.027200;,
  -0.033917;0.393576;-0.072038;,
  -0.016958;0.392292;-0.078633;,
  -0.030249;0.422146;-0.064753;,
  -0.043398;0.339791;-0.034726;,
  -0.051436;0.351582;-0.008622;,
  -0.044542;0.335405;-0.002993;,
  -0.052560;0.387101;0.007530;,
  -0.053036;0.396360;-0.015186;,
  -0.048803;0.391064;-0.041578;,
  -0.043654;0.429597;-0.048638;,
  -0.052320;0.432880;-0.022290;,
  -0.049953;0.391455;0.023549;,
  -0.039116;0.400342;0.043593;,
  -0.000000;0.401674;0.054723;,
  -0.032856;0.446441;0.029882;,
  -0.000000;0.448728;0.040040;,
  -0.049277;0.368438;-0.039754;,
  -0.034041;0.329694;-0.048214;,
  -0.034842;0.362520;-0.062861;,
  -0.019502;0.304721;-0.059072;,
  -0.025758;0.441800;-0.056635;,
  -0.039361;0.451338;-0.026365;,
  -0.034467;0.460160;0.001719;,
  -0.048001;0.443113;0.011105;,
  -0.017234;0.465888;0.007900;,
  -0.000000;0.468209;0.010148;,
  -0.000000;0.362852;0.044377;,
  -0.048001;0.443113;0.011105;,
  -0.034467;0.460160;0.001719;,
  -0.062428;0.382104;0.007722;,
  -0.055809;0.354258;-0.009347;,
  -0.056104;0.382029;-0.005545;,
  -0.059281;0.400809;-0.001112;,
  -0.055809;0.354258;-0.009347;,
  -0.062428;0.382104;0.007722;,
  -0.059281;0.400809;-0.001112;,
  -0.053036;0.396360;-0.015186;,
  -0.053542;0.371896;-0.021073;,
  -0.051436;0.351582;-0.008622;,
  -0.034554;0.384762;-0.063628;,
  -0.053542;0.371896;-0.021073;,
  -0.035203;0.322013;0.006866;,
  -0.038720;0.296245;0.015351;,
  -0.067516;0.282847;0.012317;,
  -0.038411;0.343588;0.011483;,
  -0.000000;-0.033071;0.074707;,
  0.000000;-0.063865;0.059595;,
  -0.000619;-0.077349;0.038672;,
  0.000000;-0.054099;-0.008133;,
  -0.017234;0.465888;0.007900;,
  -0.000000;0.468209;0.010148;,
  -0.020119;0.336104;-0.065276;,
  -0.012774;0.348979;-0.072837;,
  -0.012582;0.358632;-0.072858;,
  -0.014875;0.383624;-0.069146;,
  -0.000000;0.096117;0.085486;,
  -0.067516;0.282847;0.012317;,
  -0.070686;-0.143733;-0.467885;,
  -0.011857;0.327312;-0.071765;,
  -0.019524;0.329531;-0.064865;,
  -0.011672;0.332208;-0.068285;,
  -0.011420;0.336018;-0.073194;,
  -0.099513;0.234330;0.058845;,
  -0.080923;0.223614;0.035033;,
  -0.085583;0.220672;0.018362;,
  -0.084704;0.226589;-0.010395;,
  -0.049953;0.391455;0.023549;,
  -0.035177;0.007077;-0.276609;,
  -0.041105;-0.053513;-0.323489;,
  -0.001380;-0.047327;-0.323475;,
  -0.000463;0.008956;-0.270654;,
  -0.041006;0.058251;-0.231506;,
  -0.000197;0.053021;-0.221399;,
  -0.023705;0.050456;-0.135053;,
  -0.000084;0.044866;-0.136516;,
  -0.014435;0.047831;-0.046243;,
  0.000031;0.042821;-0.050492;,
  -0.000001;0.012934;-0.051414;,
  -0.041024;0.015837;-0.037560;,
  -0.041112;-0.107330;-0.371368;,
  -0.002137;-0.092670;-0.371325;,
  -0.028559;-0.184975;-0.288643;,
  -0.081619;-0.157750;-0.304877;,
  -0.100076;-0.107072;-0.255739;,
  -0.034483;-0.122892;-0.246658;,
  -0.105822;-0.050545;-0.207481;,
  -0.040051;-0.060480;-0.207561;,
  -0.043030;-0.031347;-0.209586;,
  -0.094320;-0.008732;-0.215510;,
  -0.108263;-0.041333;-0.140957;,
  -0.025781;-0.058727;-0.149645;,
  0.000000;-0.063865;0.059595;,
  -0.040063;-0.069153;0.021595;,
  -0.080923;0.223614;0.035033;,
  -0.062434;0.031946;-0.039023;,
  -0.078218;0.054668;-0.133784;,
  -0.087691;0.059002;-0.243397;,
  -0.084530;-0.008197;-0.277164;,
  -0.079392;-0.071077;-0.316030;,
  -0.074728;-0.139865;-0.356322;,
  0.085205;-0.055839;-0.035817;,
  0.105566;-0.041101;-0.142012;,
  0.039276;-0.068777;0.021420;,
  0.091697;-0.006824;-0.215808;,
  0.102034;-0.048769;-0.206573;,
  0.093924;-0.105904;-0.253763;,
  0.073120;-0.156964;-0.301726;,
  -0.086624;-0.055810;-0.035198;;
  916;
  3;0,2,1;,
  3;2,0,3;,
  3;4,6,5;,
  3;6,4,7;,
  3;8,10,9;,
  3;10,8,11;,
  3;12,14,13;,
  3;14,12,15;,
  3;16,12,17;,
  3;12,16,15;,
  3;18,20,19;,
  3;20,18,16;,
  3;5,22,21;,
  3;22,5,6;,
  3;13,24,23;,
  3;24,13,14;,
  3;25,27,26;,
  3;27,25,28;,
  3;29,31,30;,
  3;31,29,32;,
  3;31,33,30;,
  3;33,31,34;,
  3;35,37,36;,
  3;37,35,38;,
  3;38,39,37;,
  3;39,38,40;,
  3;36,42,41;,
  3;42,36,37;,
  3;37,43,42;,
  3;43,37,39;,
  3;41,31,32;,
  3;31,41,42;,
  3;42,34,31;,
  3;34,42,43;,
  3;44,46,45;,
  3;46,44,47;,
  3;48,50,49;,
  3;50,48,51;,
  3;49,53,52;,
  3;53,49,50;,
  3;54,56,55;,
  3;56,54,57;,
  3;57,58,56;,
  3;58,57,59;,
  3;55,61,60;,
  3;61,55,56;,
  3;56,62,61;,
  3;62,56,58;,
  3;60,50,51;,
  3;50,60,61;,
  3;61,53,50;,
  3;53,61,62;,
  3;32,20,63;,
  3;20,32,29;,
  3;64,66,65;,
  3;66,64,19;,
  3;13,67,12;,
  3;67,13,68;,
  3;68,69,67;,
  3;69,68,70;,
  3;70,41,69;,
  3;41,70,36;,
  3;48,34,51;,
  3;34,48,33;,
  3;51,43,60;,
  3;43,51,34;,
  3;43,55,60;,
  3;55,43,39;,
  3;39,54,55;,
  3;54,39,40;,
  3;12,63,17;,
  3;63,12,67;,
  3;67,32,63;,
  3;32,67,69;,
  3;69,41,32;,
  3;71,72,25;,
  3;73,75,74;,
  3;75,73,76;,
  3;75,77,74;,
  3;77,75,78;,
  3;79,78,80;,
  3;78,79,77;,
  3;81,83,82;,
  3;83,85,84;,
  3;85,83,86;,
  3;87,89,88;,
  3;89,90,88;,
  3;90,89,91;,
  3;92,94,93;,
  3;92,88,94;,
  3;92,87,88;,
  3;88,95,94;,
  3;95,88,90;,
  3;96,94,83;,
  3;94,86,83;,
  3;86,94,95;,
  3;97,99,98;,
  3;99,97,100;,
  3;100,101,99;,
  3;101,100,102;,
  3;103,105,104;,
  3;105,103,106;,
  3;106,107,105;,
  3;107,106,108;,
  3;104,110,109;,
  3;110,104,105;,
  3;105,111,110;,
  3;111,105,107;,
  3;109,100,97;,
  3;100,109,110;,
  3;110,102,100;,
  3;102,110,111;,
  3;112,114,113;,
  3;114,112,115;,
  3;116,118,117;,
  3;118,116,119;,
  3;120,122,121;,
  3;122,120,123;,
  3;120,125,124;,
  3;125,120,121;,
  3;126,125,127;,
  3;125,126,124;,
  3;95,97,86;,
  3;97,95,109;,
  3;86,98,85;,
  3;98,86,97;,
  3;90,103,104;,
  3;103,90,91;,
  3;104,95,90;,
  3;95,104,109;,
  3;128,96,129;,
  3;96,128,93;,
  3;129,130,128;,
  3;130,129,131;,
  3;72,28,25;,
  3;28,72,132;,
  3;9,133,8;,
  3;134,136,135;,
  3;136,134,137;,
  3;81,137,134;,
  3;138,11,139;,
  3;138,10,11;,
  3;138,140,10;,
  3;141,11,142;,
  3;11,141,139;,
  3;128,130,143;,
  3;93,144,92;,
  3;93,143,144;,
  3;93,128,143;,
  3;145,87,146;,
  3;87,145,147;,
  3;74,148,73;,
  3;148,74,149;,
  3;150,147,145;,
  3;7,149,74;,
  3;148,151,73;,
  3;102,152,101;,
  3;152,102,126;,
  3;102,124,126;,
  3;124,102,111;,
  3;111,120,124;,
  3;120,111,107;,
  3;120,108,123;,
  3;108,120,107;,
  3;8,154,153;,
  3;154,8,133;,
  3;153,155,8;,
  3;155,153,156;,
  3;121,113,114;,
  3;113,121,122;,
  3;122,112,113;,
  3;112,122,157;,
  3;158,125,159;,
  3;125,158,127;,
  3;159,121,114;,
  3;121,159,125;,
  3;126,160,152;,
  3;160,126,161;,
  3;162,122,123;,
  3;122,162,163;,
  3;122,164,157;,
  3;164,122,163;,
  3;165,126,127;,
  3;126,165,161;,
  3;161,166,160;,
  3;166,161,167;,
  3;162,117,163;,
  3;117,162,116;,
  3;163,118,164;,
  3;118,163,117;,
  3;165,167,161;,
  3;167,165,168;,
  3;169,171,170;,
  3;171,169,172;,
  3;173,175,174;,
  3;175,173,176;,
  3;177,179,178;,
  3;179,177,173;,
  3;180,179,181;,
  3;179,180,182;,
  3;183,169,170;,
  3;169,183,184;,
  3;175,186,185;,
  3;186,175,176;,
  3;45,187,44;,
  3;187,45,188;,
  3;180,169,182;,
  3;169,180,172;,
  3;19,29,66;,
  3;20,29,19;,
  3;29,30,189;,
  3;30,190,189;,
  3;190,30,33;,
  3;33,191,190;,
  3;191,33,48;,
  3;191,49,192;,
  3;49,191,48;,
  3;192,52,193;,
  3;52,192,49;,
  3;194,170,186;,
  3;170,194,183;,
  3;170,185,186;,
  3;185,170,171;,
  3;186,176,194;,
  3;194,173,177;,
  3;173,194,176;,
  3;179,174,181;,
  3;174,179,173;,
  3;178,182,184;,
  3;182,178,179;,
  3;182,169,184;,
  3;16,17,20;,
  3;17,63,20;,
  3;66,195,65;,
  3;196,198,197;,
  3;198,196,199;,
  3;200,153,154;,
  3;153,200,201;,
  3;202,204,203;,
  3;205,207,206;,
  3;196,209,208;,
  3;209,196,197;,
  3;210,208,211;,
  3;208,210,196;,
  3;212,214,213;,
  3;214,212,215;,
  3;212,213,211;,
  3;201,217,216;,
  3;217,201,200;,
  3;218,220,219;,
  3;220,218,216;,
  3;210,199,196;,
  3;214,205,206;,
  3;221,223,222;,
  3;197,198,224;,
  3;224,226,225;,
  3;226,224,198;,
  3;227,214,206;,
  3;228,229,213;,
  3;229,228,230;,
  3;219,232,231;,
  3;214,228,213;,
  3;156,201,233;,
  3;201,156,153;,
  3;233,216,218;,
  3;216,233,201;,
  3;220,216,234;,
  3;235,220,234;,
  3;236,238,237;,
  3;238,236,239;,
  3;208,240,211;,
  3;240,208,241;,
  3;211,242,212;,
  3;242,211,240;,
  3;243,236,244;,
  3;236,243,239;,
  3;244,237,245;,
  3;237,244,236;,
  3;246,221,222;,
  3;221,246,215;,
  3;221,212,247;,
  3;212,221,215;,
  3;199,248,1;,
  3;248,199,249;,
  3;133,9,250;,
  3;249,210,251;,
  3;210,249,199;,
  3;210,211,251;,
  3;252,2,253;,
  3;2,252,1;,
  3;19,254,18;,
  3;254,19,64;,
  3;23,68,13;,
  3;68,23,255;,
  3;68,256,70;,
  3;256,68,255;,
  3;256,36,70;,
  3;36,256,257;,
  3;258,1,252;,
  3;1,258,199;,
  3;257,259,36;,
  3;36,259,35;,
  3;260,203,261;,
  3;203,260,202;,
  3;262,263,222;,
  3;263,262,264;,
  3;198,258,226;,
  3;258,198,199;,
  3;265,204,227;,
  3;265,206,266;,
  3;206,265,227;,
  3;222,267,246;,
  3;267,222,263;,
  3;89,87,147;,
  3;82,83,84;,
  3;78,16,18;,
  3;16,78,75;,
  3;75,15,16;,
  3;15,75,76;,
  3;15,71,14;,
  3;71,15,76;,
  3;14,268,24;,
  3;268,14,71;,
  3;248,269,1;,
  3;1,269,0;,
  3;135,129,134;,
  3;129,135,131;,
  3;134,96,81;,
  3;96,134,129;,
  3;96,83,81;,
  3;94,96,93;,
  3;29,189,66;,
  3;205,215,246;,
  3;267,205,246;,
  3;205,267,207;,
  3;205,214,215;,
  3;187,188,270;,
  3;224,272,271;,
  3;223,221,209;,
  3;224,223,197;,
  3;271,273,262;,
  3;273,271,272;,
  3;263,275,274;,
  3;273,276,262;,
  3;277,272,278;,
  3;272,277,273;,
  3;223,271,262;,
  3;271,223,224;,
  3;223,209,197;,
  3;208,221,247;,
  3;221,208,209;,
  3;222,223,262;,
  3;266,207,279;,
  3;207,266,206;,
  3;207,280,279;,
  3;280,207,267;,
  3;280,263,274;,
  3;263,280,267;,
  3;264,262,276;,
  3;76,73,72;,
  3;138,281,140;,
  3;73,132,72;,
  3;132,73,151;,
  3;72,71,76;,
  3;272,225,278;,
  3;155,11,8;,
  3;276,277,282;,
  3;277,276,273;,
  3;275,276,282;,
  3;276,275,264;,
  3;28,141,27;,
  3;141,28,139;,
  3;139,132,138;,
  3;132,139,28;,
  3;132,281,138;,
  3;281,132,151;,
  3;281,148,283;,
  3;148,281,151;,
  3;283,149,284;,
  3;149,283,148;,
  3;7,284,149;,
  3;284,7,4;,
  3;6,79,22;,
  3;79,6,77;,
  3;77,7,74;,
  3;7,77,6;,
  3;5,3,4;,
  3;3,5,2;,
  3;285,137,82;,
  3;137,285,136;,
  3;137,81,82;,
  3;92,146,87;,
  3;146,92,144;,
  3;2,21,253;,
  3;21,2,5;,
  3;286,213,229;,
  3;251,211,286;,
  3;213,286,211;,
  3;234,216,217;,
  3;227,202,228;,
  3;202,230,228;,
  3;230,202,260;,
  3;232,220,235;,
  3;228,214,227;,
  3;26,71,25;,
  3;71,26,268;,
  3;155,142,11;,
  3;18,80,78;,
  3;80,18,254;,
  3;272,224,225;,
  3;275,263,264;,
  3;202,227,204;,
  3;232,219,220;,
  3;287,289,288;,
  3;289,287,290;,
  3;291,288,292;,
  3;288,291,287;,
  3;293,292,294;,
  3;292,293,291;,
  3;295,294,296;,
  3;294,295,293;,
  3;296,297,295;,
  3;298,290,299;,
  3;290,298,289;,
  3;300,302,301;,
  3;302,300,303;,
  3;304,300,305;,
  3;300,304,303;,
  3;306,305,307;,
  3;305,306,304;,
  3;308,306,307;,
  3;306,308,309;,
  3;308,310,309;,
  3;145,146,311;,
  3;312,314,313;,
  3;314,312,315;,
  3;316,318,317;,
  3;318,316,319;,
  3;320,322,321;,
  3;322,320,323;,
  3;324,326,325;,
  3;326,324,327;,
  3;328,324,325;,
  3;324,328,329;,
  3;330,331,328;,
  3;331,330,332;,
  3;319,22,318;,
  3;22,319,21;,
  3;327,333,326;,
  3;333,327,334;,
  3;335,337,336;,
  3;337,335,338;,
  3;339,341,340;,
  3;341,339,342;,
  3;341,344,343;,
  3;344,341,342;,
  3;345,347,346;,
  3;347,345,348;,
  3;346,350,349;,
  3;350,346,347;,
  3;348,351,347;,
  3;351,348,352;,
  3;347,353,350;,
  3;353,347,351;,
  3;352,341,351;,
  3;341,352,340;,
  3;351,343,353;,
  3;343,351,341;,
  3;354,356,355;,
  3;356,354,357;,
  3;358,360,359;,
  3;360,358,361;,
  3;361,362,360;,
  3;362,361,363;,
  3;364,366,365;,
  3;366,364,367;,
  3;365,369,368;,
  3;369,365,366;,
  3;367,370,366;,
