xof 0303txt 0032
template XSkinMeshHeader {
 <3cf169ce-ff7c-44ab-93c0-f78f62d172e2>
 WORD nMaxSkinWeightsPerVertex;
 WORD nMaxSkinWeightsPerFace;
 WORD nBones;
}

template VertexDuplicationIndices {
 <b8d65549-d7c9-4995-89cf-53a9a8b031e3>
 DWORD nIndices;
 DWORD nOriginalVertices;
 array DWORD indices[nIndices];
}

template SkinWeights {
 <6f0d123b-bad2-4167-a0d0-80224f25fabb>
 STRING transformNodeName;
 DWORD nWeights;
 array DWORD vertexIndices[nWeights];
 array FLOAT weights[nWeights];
 Matrix4x4 matrixOffset;
}

template AnimTicksPerSecond {
 <9e415a43-7ba6-4a73-8743-b73d47e88476>
 DWORD AnimTicksPerSecond;
}

template VertexElement {
 <f752461c-1e23-48f6-b9f8-8350850f336f>
 DWORD Type;
 DWORD Method;
 DWORD Usage;
 DWORD UsageIndex;
}

template DeclData {
 <bf22e553-292c-4781-9fea-62bd554bdd93>
 DWORD nElements;
 array VertexElement Elements[nElements];
 DWORD nDWords;
 array DWORD data[nDWords];
}


AnimTicksPerSecond {
 24;
}

Frame Dummy01 {
 

 FrameTransformMatrix {
  -0.000000,0.000000,-1.000000,0.000000,-1.000000,0.000000,0.000000,0.000000,0.000000,1.000000,0.000000,0.000000,0.000000,0.000000,0.000000,1.000000;;
 }

 Frame Bip01 {
  

  FrameTransformMatrix {
   0.000001,0.933237,0.359261,0.000000,-0.000000,-0.359261,0.933237,0.000000,1.000000,-0.000001,-0.000000,0.000000,0.000000,0.000000,0.000000,1.000000;;
  }

  Frame Bip01_Pelvis {
   

   FrameTransformMatrix {
    -0.000000,1.000000,-0.000001,0.000000,-0.000001,0.000001,1.000000,0.000000,1.000000,0.000000,0.000001,0.000000,0.000000,0.000000,0.000000,1.000000;;
   }

   Frame Bip01_Spine {
    

    FrameTransformMatrix {
     0.964947,0.000001,0.262445,0.000000,-0.000003,1.000000,0.000004,0.000000,-0.262445,-0.000005,0.964947,0.000000,0.051656,0.000000,-0.000082,1.000000;;
    }

    Frame Bip01_Spine1 {
     

     FrameTransformMatrix {
      0.981495,0.000001,0.191486,0.000000,-0.000001,1.000000,-0.000000,0.000000,-0.191486,-0.000000,0.981495,0.000000,0.106496,-0.000000,-0.000083,1.000000;;
     }

     Frame Bip01_Neck {
      

      FrameTransformMatrix {
       0.903366,0.000001,0.428870,0.000000,-0.000001,1.000000,-0.000000,0.000000,-0.428870,-0.000000,0.903366,0.000000,0.130516,0.000000,0.004628,1.000000;;
      }

      Frame Bip01_Head {
       

       FrameTransformMatrix {
        0.915189,-0.000001,-0.403025,0.000000,0.000001,1.000000,-0.000001,0.000000,0.403025,0.000000,0.915189,0.000000,0.033674,-0.000000,0.000000,1.000000;;
       }

       Frame Bip01_HeadNub {
        

        FrameTransformMatrix {
         1.000000,0.000000,0.000000,0.000000,0.000000,1.000000,-0.000000,0.000000,0.000000,-0.000000,1.000000,0.000000,0.169824,-0.000000,-0.000000,1.000000;;
        }
       }
      }

      Frame Bip01_L_Clavicle {
       

       FrameTransformMatrix {
        -0.078704,0.996195,0.037438,0.000000,0.899588,0.087155,-0.427955,0.000000,-0.429589,-0.000003,-0.903024,0.000000,-0.023698,0.015715,0.006128,1.000000;;
       }

       Frame Bip01_L_UpperArm {
        

        FrameTransformMatrix {
         0.348539,-0.936746,-0.032053,0.000000,0.839895,0.327318,-0.432943,0.000000,0.416049,0.123976,0.900851,0.000000,0.087086,0.000000,0.000000,1.000000;;
        }

        Frame Bip01_L_Forearm {
         

         FrameTransformMatrix {
          0.052584,-0.000000,-0.998616,0.000000,0.000000,1.000000,0.000000,0.000000,0.998617,0.000000,0.052584,0.000000,0.137062,-0.000000,0.000000,1.000000;;
         }

         Frame Bip01_L_Hand {
          

          FrameTransformMatrix {
           0.986237,0.001302,-0.165332,0.000000,0.112767,0.725993,0.678394,0.000000,0.120913,-0.687701,0.715854,0.000000,0.137062,0.000000,0.000000,1.000000;;
          }

          Frame Bip01_L_Finger0 {
           

           FrameTransformMatrix {
            0.384574,-0.204175,0.900231,0.000000,0.681286,0.720818,-0.127559,0.000000,-0.622858,0.662371,0.416310,0.000000,0.057681,-0.023605,-0.000272,1.000000;;
           }

           Frame Bip01_L_Finger0Nub {
            

            FrameTransformMatrix {
             1.000000,-0.000000,0.000000,0.000000,0.000000,1.000000,0.000000,0.000000,-0.000000,-0.000000,1.000000,0.000000,0.029435,0.000000,-0.000000,1.000000;;
            }
           }
          }

          Frame Bip01_L_Finger1 {
           

           FrameTransformMatrix {
            0.880689,-0.000377,0.473695,0.000000,0.000000,1.000000,0.000796,0.000000,-0.473695,-0.000701,0.880689,0.000000,0.084102,0.000000,0.000000,1.000000;;
           }

           Frame Bip01_L_Finger1Nub {
            

            FrameTransformMatrix {
             1.000000,-0.000000,-0.000000,0.000000,0.000000,1.000000,0.000000,0.000000,0.000000,0.000000,1.000000,0.000000,0.047988,0.000000,-0.000000,1.000000;;
            }
           }
          }
         }
        }
       }
      }

      Frame Bip01_R_Clavicle {
       

       FrameTransformMatrix {
        -0.078704,-0.996195,0.037444,0.000000,-0.899588,0.087157,0.427955,0.000000,-0.429589,-0.000003,-0.903024,0.000000,-0.023698,-0.015714,0.006128,1.000000;;
       }

       Frame Bip01_R_UpperArm {
        

        FrameTransformMatrix {
         0.348539,0.936746,-0.032053,0.000000,-0.839895,0.327318,0.432943,0.000000,0.416050,-0.123976,0.900851,0.000000,0.087086,0.000000,0.000000,1.000000;;
        }

        Frame Bip01_R_Forearm {
         

         FrameTransformMatrix {
          0.052583,0.000000,-0.998617,0.000000,0.000000,1.000000,-0.000000,0.000000,0.998617,-0.000000,0.052583,0.000000,0.137062,0.000000,0.000000,1.000000;;
         }

         Frame Bip01_R_Hand {
          

          FrameTransformMatrix {
           0.986237,-0.001301,-0.165332,0.000000,-0.112767,0.725993,-0.678394,0.000000,0.120913,0.687701,0.715854,0.000000,0.137062,-0.000000,-0.000000,1.000000;;
          }

          Frame Bip01_R_Finger0 {
           

           FrameTransformMatrix {
            0.384574,0.204175,0.900231,0.000000,-0.681287,0.720818,0.127559,0.000000,-0.622858,-0.662371,0.416310,0.000000,0.057681,0.023605,-0.000272,1.000000;;
           }

           Frame Bip01_R_Finger0Nub {
            

            FrameTransformMatrix {
             -1.000000,0.000000,-0.000000,0.000000,-0.000000,1.000000,-0.000000,0.000000,-0.000000,0.000000,-1.000000,0.000000,0.029435,0.000000,0.000000,1.000000;;
            }
           }
          }

          Frame Bip01_R_Finger1 {
           

           FrameTransformMatrix {
            0.880689,0.000377,0.473695,0.000000,-0.000000,1.000000,-0.000796,0.000000,-0.473695,0.000701,0.880689,0.000000,0.084102,0.000000,0.000000,1.000000;;
           }

           Frame Bip01_R_Finger1Nub {
            

            FrameTransformMatrix {
             -1.000000,-0.000000,0.000000,0.000000,-0.000000,1.000000,0.000000,0.000000,0.000000,0.000000,-1.000000,0.000000,0.047988,-0.000000,0.000000,1.000000;;
            }
           }
          }
         }
        }
       }
      }
     }

     Frame Bip01_BackPack {
      

      FrameTransformMatrix {
       0.190104,-0.000002,-0.981764,0.000000,0.000003,1.000000,-0.000002,0.000000,0.981764,-0.000002,0.190104,0.000000,0.063697,-0.000000,-0.088856,1.000000;;
      }

      Frame Bip01_BackPackNub {
       

       FrameTransformMatrix {
        0.000796,0.000003,1.000000,0.000000,-0.000000,-1.000000,0.000003,0.000000,1.000000,-0.000000,-0.000796,0.000000,0.053240,0.000000,0.000000,1.000000;;
       }
      }
     }
    }

    Frame Bip01_L_Thigh {
     

     FrameTransformMatrix {
      0.005611,0.108408,0.994091,0.000000,0.116398,-0.987420,0.107024,0.000000,0.993187,0.115110,-0.018159,0.000000,-0.049823,0.055225,0.013636,1.000000;;
     }

     Frame Bip01_L_Calf {
      

      FrameTransformMatrix {
       0.216695,0.000000,-0.976240,0.000000,0.000000,1.000000,0.000000,0.000000,0.976240,0.000000,0.216695,0.000000,0.233892,0.000000,-0.041241,1.000000;;
      }

      Frame Bip01_L_Foot {
       

       FrameTransformMatrix {
        0.997731,-0.046727,-0.048472,0.000000,0.038796,0.987420,-0.153287,0.000000,0.055024,0.151059,0.986992,0.000000,0.203699,0.000000,-0.035918,1.000000;;
       }

       Frame Bip01_L_Toe0 {
        

        FrameTransformMatrix {
         0.000000,-0.000000,1.000000,0.000000,-0.000000,1.000000,0.000000,0.000000,-1.000000,-0.000000,-0.000000,0.000000,0.065373,-0.000000,0.066450,1.000000;;
        }

        Frame Bip01_L_Toe0Nub {
         

         FrameTransformMatrix {
          -1.000000,-0.000000,-0.000000,0.000000,-0.000000,1.000000,-0.000000,0.000000,-0.000000,0.000000,-1.000000,0.000000,0.006735,-0.000000,0.000000,1.000000;;
         }
        }
       }
      }
     }
    }

    Frame Bip01_R_Thigh {
     

     FrameTransformMatrix {
      -0.002541,-0.116901,0.993140,0.000000,-0.087967,-0.989267,-0.116671,0.000000,0.996120,-0.087660,-0.007770,0.000000,-0.049823,-0.055225,0.013636,1.000000;;
     }

     Frame Bip01_R_Calf {
      

      FrameTransformMatrix {
       0.244567,0.000000,-0.969633,0.000000,0.000000,1.000000,0.000000,0.000000,0.969632,0.000000,0.244566,0.000000,0.233892,0.000000,-0.041241,1.000000;;
      }

      Frame Bip01_R_Foot {
       

       FrameTransformMatrix {
        0.997391,0.017300,-0.070082,0.000000,-0.006903,0.989267,0.145956,0.000000,0.071855,-0.145092,0.986805,0.000000,0.203699,0.000000,-0.035918,1.000000;;
       }

       Frame Bip01_R_Toe0 {
        

        FrameTransformMatrix {
         0.000000,0.000000,1.000000,0.000000,0.000000,1.000000,-0.000000,0.000000,-1.000000,0.000000,0.000000,0.000000,0.065373,0.000000,0.066450,1.000000;;
        }

        Frame Bip01_R_Toe0Nub {
         

         FrameTransformMatrix {
          1.000000,0.000000,0.000000,0.000000,0.000000,1.000000,0.000000,0.000000,0.000000,0.000000,1.000000,0.000000,0.006735,-0.000000,0.000000,1.000000;;
         }
        }
       }
      }
     }
    }
   }

   Frame Bip01_DressFront {
    

    FrameTransformMatrix {
     -0.308237,-0.000002,0.951310,0.000000,-0.000004,1.000000,0.000001,0.000000,-0.951310,-0.000004,-0.308237,0.000000,0.019097,0.001399,0.055492,1.000000;;
    }

    Frame Bip01_DressFront02 {
     

     FrameTransformMatrix {
      0.633869,0.000002,0.773441,0.000000,-0.000002,1.000000,-0.000001,0.000000,-0.773441,-0.000001,0.633869,0.000000,0.182729,0.000000,0.015894,1.000000;;
     }

     Frame Bip01_DressFrontNub {
      

      FrameTransformMatrix {
       -0.258050,0.000003,0.966132,0.000000,-0.000001,-1.000000,0.000003,0.000000,0.966132,0.000000,0.258050,0.000000,0.159669,0.000000,0.042783,1.000000;;
      }
     }
    }
   }

   Frame Bip01_DressBack {
    

    FrameTransformMatrix {
     -0.407818,-0.000002,0.913064,0.000000,-0.000004,1.000000,0.000000,0.000000,-0.913064,-0.000003,-0.407818,0.000000,-0.064865,-0.000000,-0.029313,1.000000;;
    }

    Frame Bip01_DressBack02 {
     

     FrameTransformMatrix {
      0.718301,0.000002,0.695732,0.000000,-0.000002,1.000000,-0.000001,0.000000,-0.695732,-0.000001,0.718301,0.000000,0.175564,0.000000,0.015276,1.000000;;
     }

     Frame Bip01_DressBackNub {
      

      FrameTransformMatrix {
       -0.499311,0.000003,0.866424,0.000000,-0.000002,-1.000000,0.000003,0.000000,0.866424,0.000000,0.499311,0.000000,0.118219,0.000000,0.068254,1.000000;;
      }
     }
    }
   }
  }

  Frame Bip01_Prop1 {
   

   FrameTransformMatrix {
    -0.721905,-0.641069,0.260546,0.000000,-0.151148,0.513502,0.844672,0.000000,-0.675283,0.570391,-0.467596,0.000000,0.174555,0.000286,-0.049341,1.000000;;
   }
  }

  Frame Bip01_Prop2 {
   

   FrameTransformMatrix {
    0.870570,-0.352545,-0.343249,0.000000,-0.093314,0.566646,-0.818661,0.000000,0.483116,0.744731,0.460407,0.000000,0.172590,-0.004980,0.048675,1.000000;;
   }
  }
 }
}

Frame Translation_Data {
 

 FrameTransformMatrix {
  1.000000,0.000000,-0.000000,0.000000,-0.000000,0.000000,-1.000000,0.000000,0.000000,1.000000,0.000000,0.000000,0.000000,0.000000,0.000000,1.000000;;
 }
}

Frame Body {
 

 FrameTransformMatrix {
  0.000000,0.000000,1.000000,0.000000,0.000000,1.000000,0.000000,0.000000,-1.000000,0.000000,0.000000,0.000000,0.000000,0.000000,0.000000,1.000000;;
 }

 Mesh Body {
  617;
  -0.011691;0.261832;-0.067109;,
  0.001103;0.282301;-0.026325;,
  -0.013802;0.252308;-0.031535;,
  -0.014344;0.241458;-0.077260;,
  -0.014389;0.225562;-0.082748;,
  -0.029576;0.220505;-0.039178;,
  -0.032031;0.189016;-0.052262;,
  -0.001150;0.191621;-0.088903;,
  0.037367;0.304628;-0.027292;,
  0.033200;0.287449;-0.068578;,
  0.063051;0.282215;-0.076670;,
  0.068842;0.285900;-0.045118;,
  0.050244;0.032160;-0.081605;,
  0.071273;0.019021;-0.040282;,
  0.070539;0.035774;-0.041170;,
  0.050524;0.045065;-0.074825;,
  -0.001854;0.063367;-0.069529;,
  0.007015;0.032384;-0.082477;,
  -0.032164;0.068729;-0.041695;,
  -0.041189;0.015837;-0.039278;,
  -0.025108;0.021677;-0.068197;,
  -0.032405;0.222209;0.001743;,
  -0.039524;0.187879;0.001744;,
  0.069524;0.015117;0.001744;,
  0.069786;0.033804;0.001744;,
  0.090877;0.147691;-0.050314;,
  0.094910;0.148515;0.001744;,
  0.100897;0.189997;0.001743;,
  0.096513;0.191886;-0.055246;,
  -0.042308;0.032089;-0.061349;,
  -0.137050;0.055572;-0.076415;,
  -0.139642;0.023004;-0.110884;,
  -0.038397;-0.002460;-0.092461;,
  -0.247064;0.060507;-0.084754;,
  -0.233291;0.020838;-0.107685;,
  -0.044525;0.029980;-0.012091;,
  -0.032741;-0.062113;-0.005956;,
  -0.151372;-0.039160;-0.024103;,
  -0.143394;0.036356;-0.026336;,
  -0.224257;-0.002443;-0.049685;,
  -0.239053;0.030731;-0.052088;,
  -0.039446;-0.055839;-0.083461;,
  -0.145640;-0.041101;-0.103822;,
  -0.219435;-0.006824;-0.089953;,
  -0.370088;-0.214835;-0.084172;,
  -0.372555;-0.213011;-0.039276;,
  -0.333385;-0.241659;-0.044607;,
  -0.333615;-0.241520;-0.079464;,
  -0.280287;-0.006987;-0.079213;,
  -0.317988;-0.070332;-0.071664;,
  -0.292777;-0.091207;-0.096347;,
  -0.254569;-0.027747;-0.106096;,
  -0.356956;-0.139555;-0.064339;,
  -0.332708;-0.157792;-0.081295;,
  -0.273161;-0.028690;-0.033577;,
  -0.219861;-0.044270;-0.028767;,
  -0.260874;-0.095764;-0.031017;,
  -0.300417;-0.081274;-0.038798;,
  -0.309112;-0.158826;-0.047226;,
  -0.340543;-0.160433;-0.045370;,
  -0.210199;-0.048769;-0.100290;,
  -0.257389;-0.105904;-0.092180;,
  -0.305352;-0.156964;-0.071376;,
  0.001470;0.003594;-0.088580;,
  -0.055043;0.012934;0.001745;,
  -0.054368;-0.024291;0.001745;,
  -0.044525;0.029980;-0.012091;,
  0.050293;-0.020837;-0.090313;,
  0.072240;-0.030696;-0.040282;,
  -0.004955;-0.058517;-0.083452;,
  0.017791;-0.068777;-0.037532;,
  0.079869;0.096967;-0.045742;,
  0.073180;0.147053;-0.081987;,
  0.056564;0.152941;-0.093473;,
  0.003654;0.159399;-0.086999;,
  0.005744;0.109329;-0.070117;,
  0.054942;0.100605;-0.077736;,
  -0.031880;0.159416;-0.052656;,
  -0.023450;0.109130;-0.047176;,
  -0.038045;0.163166;0.001744;,
  -0.028682;0.105121;0.001744;,
  -0.019257;0.226400;-0.113402;,
  0.004001;0.225873;-0.064880;,
  -0.017159;0.180096;-0.133811;,
  0.004821;0.166262;-0.079816;,
  0.018326;0.127627;-0.103394;,
  -0.000605;0.136806;-0.147105;,
  0.060484;0.222502;-0.087469;,
  0.066304;0.174086;-0.102708;,
  0.004821;0.166262;-0.079816;,
  0.055056;0.110626;-0.120091;,
  0.018326;0.127627;-0.103394;,
  0.064455;0.226103;-0.097453;,
  0.042362;0.233318;-0.135848;,
  0.044351;0.188242;-0.156758;,
  0.036111;0.119530;-0.163680;,
  0.004949;0.232257;-0.130013;,
  -0.015241;0.148327;-0.142428;,
  0.005581;0.138727;-0.089753;,
  -0.051001;0.120911;-0.076981;,
  -0.062001;0.128028;-0.111269;,
  -0.085491;0.099427;-0.065366;,
  -0.100737;0.107699;-0.086913;,
  0.005581;0.138727;-0.089753;,
  0.025749;0.081685;-0.107532;,
  -0.037637;0.070296;-0.100078;,
  -0.051001;0.120911;-0.076981;,
  -0.085124;0.069720;-0.087282;,
  -0.085491;0.099427;-0.065366;,
  0.005062;0.091380;-0.159892;,
  -0.045897;0.076174;-0.126371;,
  -0.092682;0.073163;-0.097797;,
  -0.195992;0.079771;-0.002014;,
  -0.175229;0.072594;-0.003127;,
  -0.175026;0.047949;-0.044494;,
  -0.195377;0.055343;-0.042977;,
  -0.130993;0.079568;-0.012548;,
  -0.140720;0.074408;-0.014686;,
  -0.147416;0.082844;-0.012436;,
  -0.135203;0.088046;-0.005728;,
  -0.119760;0.055855;-0.075299;,
  -0.155964;0.060265;-0.067191;,
  -0.136844;0.097615;-0.035182;,
  -0.104674;0.084664;-0.037688;,
  -0.131101;0.085577;-0.095779;,
  -0.168937;0.074173;-0.073220;,
  -0.114822;0.116570;-0.057355;,
  -0.150002;0.110378;-0.042958;,
  0.034644;0.285640;-0.097563;,
  0.005102;0.285766;-0.102229;,
  0.033200;0.287449;-0.068578;,
  0.008664;0.282853;-0.065773;,
  0.079279;0.195402;-0.092055;,
  0.011723;0.296245;-0.036978;,
  -0.014928;0.266978;-0.097168;,
  -0.011691;0.261832;-0.067109;,
  -0.014344;0.241458;-0.077260;,
  -0.011692;0.242101;-0.094783;,
  0.070956;0.242518;-0.095744;,
  0.088798;0.233753;-0.056035;,
  0.066917;0.246519;-0.098333;,
  0.092582;0.228684;0.001743;,
  0.063530;0.281246;0.001743;,
  0.063051;0.282215;-0.076670;,
  0.066917;0.246519;-0.098333;,
  0.014942;0.220591;-0.083839;,
  0.057649;0.237126;-0.098443;,
  0.004001;0.225873;-0.064880;,
  0.047435;0.191992;-0.094194;,
  0.013190;0.188474;-0.087269;,
  -0.014389;0.225562;-0.082748;,
  0.063189;0.194939;-0.099545;,
  -0.104674;0.084664;-0.037688;,
  0.023327;0.329137;-0.024299;,
  0.003237;0.322013;-0.033459;,
  0.041678;0.307031;0.001713;,
  0.030922;0.333277;0.001744;,
  -0.150002;0.110378;-0.042958;,
  -0.195992;0.079771;-0.002014;,
  -0.195377;0.055343;-0.042977;,
  -0.117557;0.087296;-0.025118;,
  -0.132854;0.105551;-0.014931;,
  -0.117557;0.087296;-0.025118;,
  -0.134176;0.083140;-0.029952;,
  -0.148783;0.102946;-0.030274;,
  -0.148783;0.102946;-0.030274;,
  -0.130993;0.079568;-0.012548;,
  -0.135203;0.088046;-0.005728;,
  -0.147416;0.082844;-0.012436;,
  -0.419454;-0.152097;-0.090411;,
  -0.451564;-0.132473;-0.058836;,
  -0.468350;-0.143234;-0.060157;,
  -0.438032;-0.165321;-0.095972;,
  -0.322316;-0.208391;-0.040860;,
  -0.333385;-0.241659;-0.044607;,
  -0.372555;-0.213011;-0.039276;,
  -0.359913;-0.191344;-0.037904;,
  -0.309112;-0.158826;-0.047226;,
  -0.305352;-0.156964;-0.071376;,
  -0.320967;-0.205636;-0.082400;,
  -0.370088;-0.214835;-0.084172;,
  -0.333615;-0.241520;-0.079464;,
  -0.351519;-0.185128;-0.085322;,
  -0.356956;-0.139555;-0.064339;,
  -0.332708;-0.157792;-0.081295;,
  -0.459891;-0.149378;-0.025217;,
  -0.444898;-0.141078;-0.031343;,
  -0.438032;-0.165321;-0.095972;,
  -0.459891;-0.149378;-0.025217;,
  -0.143394;0.036356;-0.026336;,
  -0.239053;0.030731;-0.052088;,
  -0.273161;-0.028690;-0.033577;,
  -0.300417;-0.081274;-0.038798;,
  -0.340543;-0.160433;-0.045370;,
  -0.340543;-0.160433;-0.045370;,
  -0.011762;-0.054099;0.001744;,
  -0.015133;0.323827;-0.044366;,
  -0.034350;0.319646;-0.035775;,
  -0.032512;0.313095;-0.026845;,
  -0.012808;0.314417;-0.025525;,
  0.007851;0.343587;-0.036667;,
  0.028116;0.354038;-0.028751;,
  -0.030755;0.461607;-0.017937;,
  -0.030832;0.466198;0.001744;,
  -0.057613;0.453010;0.001744;,
  -0.075669;0.393575;-0.032173;,
  -0.068387;0.422146;-0.028505;,
  -0.082264;0.392292;-0.015214;,
  -0.012256;0.351581;-0.049692;,
  -0.038360;0.339791;-0.041654;,
  -0.006627;0.335405;-0.042798;,
  0.003898;0.387101;-0.050816;,
  -0.018820;0.396360;-0.051292;,
  -0.025924;0.432880;-0.050576;,
  -0.052272;0.429597;-0.041910;,
  -0.045212;0.391064;-0.047059;,
  0.039961;0.400342;-0.037372;,
  0.019917;0.391454;-0.048209;,
  0.051091;0.401674;0.001744;,
  0.036408;0.448728;0.001744;,
  0.026250;0.446440;-0.031112;,
  -0.043388;0.368437;-0.047533;,
  -0.066492;0.362520;-0.033098;,
  -0.051848;0.329694;-0.032297;,
  -0.062703;0.304721;-0.017758;,
  -0.071962;0.300919;0.001744;,
  -0.050860;0.299622;0.001744;,
  -0.060269;0.441800;-0.024014;,
  -0.029997;0.451338;-0.037617;,
  0.007473;0.443113;-0.046257;,
  -0.001913;0.460160;-0.032723;,
  0.006516;0.468209;0.001744;,
  0.004268;0.465888;-0.015490;,
  0.040745;0.362852;0.001744;,
  0.007473;0.443113;-0.046257;,
  -0.001913;0.460160;-0.032723;,
  -0.009179;0.382029;-0.054360;,
  -0.012981;0.354258;-0.054162;,
  0.004090;0.382103;-0.060854;,
  -0.004745;0.400809;-0.057720;,
  0.004090;0.382103;-0.060854;,
  -0.012981;0.354258;-0.054162;,
  -0.004745;0.400809;-0.057720;,
  -0.018820;0.396360;-0.051292;,
  -0.024708;0.371896;-0.051798;,
  -0.012256;0.351581;-0.049692;,
  -0.067262;0.384762;-0.032810;,
  -0.024708;0.371896;-0.051798;,
  0.011723;0.296245;-0.036978;,
  0.003237;0.322013;-0.033459;,
  0.008664;0.282853;-0.065773;,
  0.007851;0.343587;-0.036667;,
  -0.017277;0.270642;0.001743;,
  -0.022425;0.247415;0.001743;,
  -0.036299;0.067785;0.001744;,
  0.071078;-0.033071;0.001744;,
  0.055966;-0.063865;0.001744;,
  0.035043;-0.077349;0.002363;,
  -0.031803;0.296128;0.001744;,
  -0.011762;-0.054099;0.001744;,
  0.004268;0.465888;-0.015490;,
  0.006516;0.468209;0.001744;,
  -0.068907;0.336104;-0.018375;,
  -0.076489;0.358632;-0.010838;,
  -0.076468;0.348979;-0.011030;,
  -0.069601;0.443203;0.001744;,
  -0.082071;0.421024;0.001744;,
  -0.072779;0.383624;-0.013131;,
  0.081857;0.096117;0.001744;,
  0.008664;0.282853;-0.065773;,
  -0.468350;-0.143234;-0.060157;,
  -0.068496;0.329531;-0.017780;,
  -0.075396;0.327312;-0.010113;,
  -0.071916;0.332208;-0.009928;,
  -0.091028;0.356169;0.001744;,
  -0.081444;0.347872;0.001744;,
  -0.076825;0.336018;-0.009676;,
  -0.072440;0.332496;0.001744;,
  -0.078094;0.325596;0.001744;,
  -0.088859;0.391009;0.001744;,
  -0.084735;0.381713;0.001744;,
  0.057649;0.237126;-0.098443;,
  -0.080561;0.336007;0.001744;,
  0.032027;0.224585;-0.079400;,
  0.014942;0.220591;-0.083839;,
  -0.014389;0.225562;-0.082748;,
  0.019917;0.391454;-0.048209;,
  -0.280287;-0.006987;-0.079213;,
  -0.279803;0.008082;-0.032305;,
  -0.325560;-0.053611;-0.039402;,
  -0.317988;-0.070332;-0.071664;,
  -0.247064;0.060507;-0.084754;,
  -0.234572;0.060219;-0.037497;,
  -0.137050;0.055572;-0.076415;,
  -0.137905;0.052184;-0.020030;,
  -0.042308;0.032089;-0.061349;,
  -0.049321;0.048960;-0.012507;,
  -0.041189;0.015837;-0.039278;,
  -0.373079;-0.107795;-0.037574;,
  -0.356956;-0.139555;-0.064339;,
  -0.246677;-0.122499;-0.031783;,
  -0.285510;-0.180741;-0.029898;,
  -0.304825;-0.215542;-0.000823;,
  -0.256173;-0.161083;-0.000136;,
  -0.217796;-0.103591;0.000103;,
  -0.208851;-0.053663;-0.030944;,
  -0.175734;-0.070239;0.000069;,
  -0.215119;-0.025131;-0.038585;,
  -0.152480;-0.053796;-0.021206;,
  -0.110360;-0.071166;0.002612;,
  0.015370;-0.082399;0.001744;,
  0.032027;0.224585;-0.079400;,
  -0.011691;0.261833;0.070596;,
  -0.014344;0.241458;0.080746;,
  -0.013802;0.252308;0.035021;,
  0.001103;0.282301;0.029811;,
  -0.014389;0.225563;0.086235;,
  -0.001149;0.191621;0.092389;,
  -0.032031;0.189016;0.055750;,
  -0.029576;0.220506;0.042664;,
  0.037367;0.304628;0.030778;,
  0.068843;0.285900;0.048604;,
  0.063052;0.282216;0.080156;,
  0.033200;0.287449;0.072064;,
  0.050244;0.032159;0.085093;,
  0.050524;0.045065;0.078313;,
  0.070539;0.035774;0.044658;,
  0.071273;0.019020;0.043770;,
  -0.001854;0.063367;0.073017;,
  0.007015;0.032384;0.085965;,
  -0.032164;0.068729;0.045183;,
  -0.025120;0.021740;0.071595;,
  -0.041189;0.015837;0.042768;,
  0.069786;0.033804;0.001744;,
  0.069524;0.015117;0.001744;,
  0.090878;0.147691;0.053802;,
  0.096513;0.191886;0.058732;,
  0.100897;0.189997;0.001743;,
  0.094910;0.148515;0.001744;,
  -0.042652;0.031946;0.064178;,
  -0.038097;-0.001984;0.096173;,
  -0.139246;0.022998;0.115305;,
  -0.137413;0.054667;0.079961;,
  -0.232885;0.019667;0.113236;,
  -0.247026;0.059002;0.089434;,
  -0.045326;0.028413;0.015276;,
  -0.144097;0.034060;0.030483;,
  -0.151232;-0.041573;0.030336;,
  -0.032727;-0.063421;0.010786;,
  -0.239353;0.028046;0.057467;,
  -0.224479;-0.005471;0.055755;,
  -0.144586;-0.041335;0.110007;,
  -0.038827;-0.055810;0.088368;,
  -0.219138;-0.008733;0.096064;,
  -0.373252;-0.215328;0.096441;,
  -0.336778;-0.242014;0.091733;,
  -0.336549;-0.242152;0.056876;,
  -0.375720;-0.213504;0.051546;,
  -0.280792;-0.008197;0.086274;,
  -0.255030;-0.028601;0.113385;,
  -0.294437;-0.091652;0.106060;,
  -0.319658;-0.071077;0.081137;,
  -0.335775;-0.158073;0.093578;,
  -0.359951;-0.139865;0.076473;,
  -0.274709;-0.031343;0.041200;,
  -0.302763;-0.083275;0.048360;,
  -0.263588;-0.098665;0.040443;,
  -0.221755;-0.047972;0.036087;,
  -0.343707;-0.160927;0.057640;,
  -0.312505;-0.160036;0.059275;,
  -0.259367;-0.107072;0.101820;,
  -0.211109;-0.050545;0.107566;,
  -0.308507;-0.157751;0.083377;,
  0.001470;0.003594;0.092068;,
  -0.045326;0.028413;0.015276;,
  0.072240;-0.030696;0.043770;,
  0.050293;-0.020837;0.093801;,
  0.017966;-0.069153;0.041807;,
  -0.004577;-0.058475;0.087782;,
  0.079870;0.096967;0.049230;,
  0.073181;0.147053;0.085475;,
  0.056565;0.152941;0.096961;,
  0.054943;0.100605;0.081224;,
  0.005745;0.109329;0.073605;,
  0.003654;0.159399;0.090487;,
  -0.023450;0.109130;0.050664;,
  -0.031879;0.159416;0.056144;,
  -0.019257;0.226400;0.116889;,
  -0.017159;0.180096;0.137298;,
  0.004001;0.225873;0.068367;,
  -0.000605;0.136806;0.150592;,
  0.018326;0.127628;0.106882;,
  0.004820;0.166262;0.083303;,
  0.060484;0.222502;0.090955;,
  0.004820;0.166262;0.083303;,
  0.066304;0.174086;0.106194;,
  0.018326;0.127628;0.106882;,
  0.055057;0.110626;0.123578;,
  0.064455;0.226103;0.100939;,
  0.044351;0.188242;0.160244;,
  0.042362;0.233319;0.139335;,
  0.036112;0.119530;0.167167;,
  0.004949;0.232258;0.133500;,
  -0.015242;0.148333;0.145916;,
  -0.062001;0.128034;0.114757;,
  -0.051001;0.120916;0.080468;,
  0.005580;0.138733;0.093241;,
  -0.100737;0.107705;0.090400;,
  -0.085491;0.099427;0.068853;,
  0.005580;0.138733;0.093241;,
  -0.051001;0.120916;0.080468;,
  -0.037637;0.070301;0.103566;,
  0.025749;0.081691;0.111019;,
  -0.085491;0.099427;0.068853;,
  -0.085125;0.069720;0.090769;,
  -0.045897;0.076180;0.129858;,
  0.005062;0.091386;0.163379;,
  -0.092682;0.073169;0.101284;,
  -0.195993;0.079770;0.005502;,
  -0.195378;0.055343;0.046465;,
  -0.175026;0.047949;0.047982;,
  -0.175229;0.072593;0.006614;,
  -0.130992;0.079568;0.016036;,
  -0.135202;0.088046;0.009216;,
  -0.147416;0.082844;0.015923;,
  -0.140720;0.074408;0.018174;,
  -0.119761;0.055854;0.078786;,
  -0.104675;0.084663;0.041176;,
  -0.136845;0.097615;0.038670;,
  -0.155964;0.060265;0.070679;,
  -0.168937;0.074173;0.076707;,
  -0.131102;0.085576;0.099267;,
  -0.114823;0.116569;0.060842;,
  -0.150003;0.110378;0.046445;,
  0.034645;0.285640;0.101050;,
  0.005102;0.285767;0.105716;,
  0.008664;0.282854;0.069260;,
  0.033200;0.287449;0.072064;,
  0.079279;0.195403;0.095541;,
  0.011723;0.296245;0.040464;,
  -0.014927;0.266979;0.100655;,
  -0.011691;0.242102;0.098270;,
  -0.014344;0.241458;0.080746;,
  -0.011691;0.261833;0.070596;,
  0.070956;0.242518;0.099231;,
  0.066918;0.246519;0.101819;,
  0.088798;0.233754;0.059521;,
  0.092582;0.228684;0.001743;,
  0.063530;0.281246;0.001743;,
  0.063052;0.282216;0.080156;,
  0.066918;0.246519;0.101819;,
  0.014941;0.220591;0.087326;,
  0.004001;0.225873;0.068367;,
  0.057649;0.237127;0.101930;,
  0.013190;0.188474;0.090755;,
  0.047436;0.191993;0.097680;,
  -0.014389;0.225563;0.086235;,
  0.063189;0.194940;0.103031;,
  -0.104675;0.084663;0.041176;,
  0.003237;0.322013;0.036947;,
  0.023327;0.329137;0.027787;,
  0.030922;0.333277;0.001744;,
  0.041678;0.307031;0.001713;,
  -0.150003;0.110378;0.046445;,
  -0.195993;0.079770;0.005502;,
  -0.195378;0.055343;0.046465;,
  -0.132853;0.105551;0.018418;,
  -0.117557;0.087296;0.028606;,
  -0.117557;0.087296;0.028606;,
  -0.134176;0.083140;0.033440;,
  -0.148783;0.102946;0.033762;,
  -0.148783;0.102946;0.033762;,
  -0.135202;0.088046;0.009216;,
  -0.130992;0.079568;0.016036;,
  -0.147416;0.082844;0.015923;,
  -0.422618;-0.152591;0.102682;,
  -0.441196;-0.165815;0.108242;,
  -0.471513;-0.143728;0.072429;,
  -0.454728;-0.132967;0.071107;,
  -0.325480;-0.208885;0.053130;,
  -0.363077;-0.191837;0.050174;,
  -0.375720;-0.213504;0.051546;,
  -0.336549;-0.242152;0.056876;,
  -0.312505;-0.160036;0.059275;,
  -0.324131;-0.206129;0.094670;,
  -0.308507;-0.157751;0.083377;,
  -0.373252;-0.215328;0.096441;,
  -0.354683;-0.185621;0.097591;,
  -0.336778;-0.242014;0.091733;,
  -0.359951;-0.139865;0.076473;,
  -0.335775;-0.158073;0.093578;,
  -0.448062;-0.141571;0.043615;,
  -0.463055;-0.149872;0.037489;,
  -0.463055;-0.149872;0.037489;,
  -0.441196;-0.165815;0.108242;,
  -0.144097;0.034060;0.030483;,
  -0.239353;0.028046;0.057467;,
  -0.274709;-0.031343;0.041200;,
  -0.302763;-0.083275;0.048360;,
  -0.343707;-0.160927;0.057640;,
  -0.343707;-0.160927;0.057640;,
  -0.015130;0.323828;0.047854;,
  -0.012808;0.314417;0.029013;,
  -0.032509;0.313095;0.030333;,
  -0.034347;0.319646;0.039263;,
  0.007852;0.343588;0.040155;,
  0.028116;0.354038;0.032239;,
  -0.030755;0.461607;0.021425;,
  -0.030832;0.466198;0.001744;,
  -0.075669;0.393576;0.035661;,
  -0.082264;0.392292;0.018702;,
  -0.068384;0.422146;0.031993;,
  -0.038357;0.339791;0.045142;,
  -0.012253;0.351582;0.053180;,
  -0.006624;0.335405;0.046286;,
  0.003899;0.387101;0.054304;,
  -0.018817;0.396360;0.054780;,
  -0.045209;0.391064;0.050547;,
  -0.052269;0.429597;0.045398;,
  -0.025921;0.432880;0.054064;,
  0.019917;0.391455;0.051697;,
  0.039961;0.400342;0.040860;,
  0.051091;0.401674;0.001744;,
  0.026250;0.446441;0.034600;,
  0.036408;0.448728;0.001744;,
  -0.043385;0.368438;0.051021;,
  -0.051845;0.329694;0.035785;,
  -0.066492;0.362520;0.036586;,
  -0.062703;0.304721;0.021246;,
  -0.060266;0.441800;0.027502;,
  -0.029996;0.451338;0.041105;,
  -0.001913;0.460160;0.036211;,
  0.007473;0.443113;0.049745;,
  0.004268;0.465888;0.018978;,
  0.006516;0.468209;0.001744;,
  0.040745;0.362852;0.001744;,
  0.007473;0.443113;0.049745;,
  -0.001913;0.460160;0.036211;,
  0.004093;0.382104;0.064172;,
  -0.012978;0.354258;0.057553;,
  -0.009176;0.382029;0.057848;,
  -0.004741;0.400809;0.061025;,
  -0.012978;0.354258;0.057553;,
  0.004093;0.382104;0.064172;,
  -0.004741;0.400809;0.061025;,
  -0.018817;0.396360;0.054780;,
  -0.024704;0.371896;0.055286;,
  -0.012253;0.351582;0.053180;,
  -0.067259;0.384762;0.036298;,
  -0.024704;0.371896;0.055286;,
  0.003237;0.322013;0.036947;,
  0.011723;0.296245;0.040464;,
  0.008664;0.282854;0.069260;,
  0.007852;0.343588;0.040155;,
  0.071078;-0.033071;0.001744;,
  0.055966;-0.063865;0.001744;,
  0.035043;-0.077349;0.002363;,
  -0.011762;-0.054099;0.001744;,
  0.004268;0.465888;0.018978;,
  0.006516;0.468209;0.001744;,
  -0.068907;0.336104;0.021863;,
  -0.076468;0.348979;0.014518;,
  -0.076489;0.358632;0.014326;,
  -0.072777;0.383624;0.016619;,
  0.081857;0.096117;0.001744;,
  0.008664;0.282854;0.069260;,
  -0.471513;-0.143728;0.072429;,
  -0.075396;0.327312;0.013601;,
  -0.068496;0.329531;0.021268;,
  -0.071916;0.332208;0.013416;,
  -0.076825;0.336018;0.013164;,
  0.057649;0.237127;0.101930;,
  0.032027;0.224586;0.082886;,
  0.014941;0.220591;0.087326;,
  -0.014389;0.225563;0.086235;,
  0.019917;0.391455;0.051697;,
  -0.280238;0.007077;0.036921;,
  -0.327118;-0.053513;0.042849;,
  -0.327104;-0.047327;0.003124;,
  -0.274283;0.008956;0.002207;,
  -0.235134;0.058251;0.042750;,
  -0.225028;0.053021;0.001941;,
  -0.138681;0.050456;0.025449;,
  -0.140144;0.044866;0.001828;,
  -0.049871;0.047831;0.016179;,
  -0.054120;0.042821;0.001713;,
  -0.055043;0.012934;0.001745;,
  -0.041189;0.015837;0.042768;,
  -0.374998;-0.107330;0.042856;,
  -0.374954;-0.092670;0.003881;,
  -0.292271;-0.184974;0.030304;,
  -0.308506;-0.157750;0.083363;,
  -0.259367;-0.107072;0.101820;,
  -0.250286;-0.122892;0.036227;,
  -0.211109;-0.050545;0.107566;,
  -0.211189;-0.060480;0.041795;,
  -0.213215;-0.031347;0.044774;,
  -0.219138;-0.008733;0.096064;,
  -0.144586;-0.041335;0.110007;,
  -0.153274;-0.058728;0.027525;,
  0.055966;-0.063865;0.001744;,
  0.017966;-0.069153;0.041807;,
  0.032027;0.224586;0.082886;,
  -0.042652;0.031946;0.064178;,
  -0.137413;0.054667;0.079961;,
  -0.247026;0.059002;0.089434;,
  -0.280792;-0.008197;0.086274;,
  -0.319658;-0.071077;0.081137;,
  -0.359951;-0.139865;0.076473;,
  -0.039446;-0.055839;-0.083461;,
  -0.145640;-0.041101;-0.103822;,
  0.017791;-0.068777;-0.037532;,
  -0.219435;-0.006824;-0.089953;,
  -0.210199;-0.048769;-0.100290;,
  -0.257389;-0.105904;-0.092180;,
  -0.305352;-0.156964;-0.071376;,
  -0.038827;-0.055810;0.088368;;
  916;
  3;0,2,1;,
  3;2,0,3;,
  3;4,6,5;,
  3;6,4,7;,
  3;8,10,9;,
  3;10,8,11;,
  3;12,14,13;,
  3;14,12,15;,
  3;16,12,17;,
  3;12,16,15;,
  3;18,20,19;,
  3;20,18,16;,
  3;5,22,21;,
  3;22,5,6;,
  3;13,24,23;,
  3;24,13,14;,
  3;25,27,26;,
  3;27,25,28;,
  3;29,31,30;,
  3;31,29,32;,
  3;31,33,30;,
  3;33,31,34;,
  3;35,37,36;,
  3;37,35,38;,
  3;38,39,37;,
  3;39,38,40;,
  3;36,42,41;,
  3;42,36,37;,
  3;37,43,42;,
  3;43,37,39;,
  3;41,31,32;,
  3;31,41,42;,
  3;42,34,31;,
  3;34,42,43;,
  3;44,46,45;,
  3;46,44,47;,
  3;48,50,49;,
  3;50,48,51;,
  3;49,53,52;,
  3;53,49,50;,
  3;54,56,55;,
  3;56,54,57;,
  3;57,58,56;,
  3;58,57,59;,
  3;55,61,60;,
  3;61,55,56;,
  3;56,62,61;,
  3;62,56,58;,
  3;60,50,51;,
  3;50,60,61;,
  3;61,53,50;,
  3;53,61,62;,
  3;32,20,63;,
  3;20,32,29;,
  3;64,66,65;,
  3;66,64,19;,
  3;13,67,12;,
  3;67,13,68;,
  3;68,69,67;,
  3;69,68,70;,
  3;70,41,69;,
  3;41,70,36;,
  3;48,34,51;,
  3;34,48,33;,
  3;51,43,60;,
  3;43,51,34;,
  3;43,55,60;,
  3;55,43,39;,
  3;39,54,55;,
  3;54,39,40;,
  3;12,63,17;,
  3;63,12,67;,
  3;67,32,63;,
  3;32,67,69;,
  3;69,41,32;,
  3;71,72,25;,
  3;73,75,74;,
  3;75,73,76;,
  3;75,77,74;,
  3;77,75,78;,
  3;79,78,80;,
  3;78,79,77;,
  3;81,83,82;,
  3;83,85,84;,
  3;85,83,86;,
  3;87,89,88;,
  3;89,90,88;,
  3;90,89,91;,
  3;92,94,93;,
  3;92,88,94;,
  3;92,87,88;,
  3;88,95,94;,
  3;95,88,90;,
  3;96,94,83;,
  3;94,86,83;,
  3;86,94,95;,
  3;97,99,98;,
  3;99,97,100;,
  3;100,101,99;,
  3;101,100,102;,
  3;103,105,104;,
  3;105,103,106;,
  3;106,107,105;,
  3;107,106,108;,
  3;104,110,109;,
  3;110,104,105;,
  3;105,111,110;,
  3;111,105,107;,
  3;109,100,97;,
  3;100,109,110;,
  3;110,102,100;,
  3;102,110,111;,
  3;112,114,113;,
  3;114,112,115;,
  3;116,118,117;,
  3;118,116,119;,
  3;120,122,121;,
  3;122,120,123;,
  3;120,125,124;,
  3;125,120,121;,
  3;126,125,127;,
  3;125,126,124;,
  3;95,97,86;,
  3;97,95,109;,
  3;86,98,85;,
  3;98,86,97;,
  3;90,103,104;,
  3;103,90,91;,
  3;104,95,90;,
  3;95,104,109;,
  3;128,96,129;,
  3;96,128,93;,
  3;129,130,128;,
  3;130,129,131;,
  3;72,28,25;,
  3;28,72,132;,
  3;9,133,8;,
  3;134,136,135;,
  3;136,134,137;,
  3;81,137,134;,
  3;138,11,139;,
  3;138,10,11;,
  3;138,140,10;,
  3;141,11,142;,
  3;11,141,139;,
  3;128,130,143;,
  3;93,144,92;,
  3;93,143,144;,
  3;93,128,143;,
  3;145,87,146;,
  3;87,145,147;,
  3;74,148,73;,
  3;148,74,149;,
  3;150,147,145;,
  3;7,149,74;,
  3;148,151,73;,
  3;102,152,101;,
  3;152,102,126;,
  3;102,124,126;,
  3;124,102,111;,
  3;111,120,124;,
  3;120,111,107;,
  3;120,108,123;,
  3;108,120,107;,
  3;8,154,153;,
  3;154,8,133;,
  3;153,155,8;,
  3;155,153,156;,
  3;121,113,114;,
  3;113,121,122;,
  3;122,112,113;,
  3;112,122,157;,
  3;158,125,159;,
  3;125,158,127;,
  3;159,121,114;,
  3;121,159,125;,
  3;126,160,152;,
  3;160,126,161;,
  3;162,122,123;,
  3;122,162,163;,
  3;122,164,157;,
  3;164,122,163;,
  3;165,126,127;,
  3;126,165,161;,
  3;161,166,160;,
  3;166,161,167;,
  3;162,117,163;,
  3;117,162,116;,
  3;163,118,164;,
  3;118,163,117;,
  3;165,167,161;,
  3;167,165,168;,
  3;169,171,170;,
  3;171,169,172;,
  3;173,175,174;,
  3;175,173,176;,
  3;177,179,178;,
  3;179,177,173;,
  3;180,179,181;,
  3;179,180,182;,
  3;183,169,170;,
  3;169,183,184;,
  3;175,186,185;,
  3;186,175,176;,
  3;45,187,44;,
  3;187,45,188;,
  3;180,169,182;,
  3;169,180,172;,
  3;19,29,66;,
  3;20,29,19;,
  3;29,30,189;,
  3;30,190,189;,
  3;190,30,33;,
  3;33,191,190;,
  3;191,33,48;,
  3;191,49,192;,
  3;49,191,48;,
  3;192,52,193;,
  3;52,192,49;,
  3;194,170,186;,
  3;170,194,183;,
  3;170,185,186;,
  3;185,170,171;,
  3;186,176,194;,
  3;194,173,177;,
  3;173,194,176;,
  3;179,174,181;,
  3;174,179,173;,
  3;178,182,184;,
  3;182,178,179;,
  3;182,169,184;,
  3;16,17,20;,
  3;17,63,20;,
  3;66,195,65;,
  3;196,198,197;,
  3;198,196,199;,
  3;200,153,154;,
  3;153,200,201;,
  3;202,204,203;,
  3;205,207,206;,
  3;196,209,208;,
  3;209,196,197;,
  3;210,208,211;,
  3;208,210,196;,
  3;212,214,213;,
  3;214,212,215;,
  3;212,213,211;,
  3;201,217,216;,
  3;217,201,200;,
  3;218,220,219;,
  3;220,218,216;,
  3;210,199,196;,
  3;214,205,206;,
  3;221,223,222;,
  3;197,198,224;,
  3;224,226,225;,
  3;226,224,198;,
  3;227,214,206;,
  3;228,229,213;,
  3;229,228,230;,
  3;219,232,231;,
  3;214,228,213;,
  3;156,201,233;,
  3;201,156,153;,
  3;233,216,218;,
  3;216,233,201;,
  3;220,216,234;,
  3;235,220,234;,
  3;236,238,237;,
  3;238,236,239;,
  3;208,240,211;,
  3;240,208,241;,
  3;211,242,212;,
  3;242,211,240;,
  3;243,236,244;,
  3;236,243,239;,
  3;244,237,245;,
  3;237,244,236;,
  3;246,221,222;,
  3;221,246,215;,
  3;221,212,247;,
  3;212,221,215;,
  3;199,248,1;,
  3;248,199,249;,
  3;133,9,250;,
  3;249,210,251;,
  3;210,249,199;,
  3;210,211,251;,
  3;252,2,253;,
  3;2,252,1;,
  3;19,254,18;,
  3;254,19,64;,
  3;23,68,13;,
  3;68,23,255;,
  3;68,256,70;,
  3;256,68,255;,
  3;256,36,70;,
  3;36,256,257;,
  3;258,1,252;,
  3;1,258,199;,
  3;257,259,36;,
  3;36,259,35;,
  3;260,203,261;,
  3;203,260,202;,
  3;262,263,222;,
  3;263,262,264;,
  3;198,258,226;,
  3;258,198,199;,
  3;265,204,227;,
  3;265,206,266;,
  3;206,265,227;,
  3;222,267,246;,
  3;267,222,263;,
  3;89,87,147;,
  3;82,83,84;,
  3;78,16,18;,
  3;16,78,75;,
  3;75,15,16;,
  3;15,75,76;,
  3;15,71,14;,
  3;71,15,76;,
  3;14,268,24;,
  3;268,14,71;,
  3;248,269,1;,
  3;1,269,0;,
  3;135,129,134;,
  3;129,135,131;,
  3;134,96,81;,
  3;96,134,129;,
  3;96,83,81;,
  3;94,96,93;,
  3;29,189,66;,
  3;205,215,246;,
  3;267,205,246;,
  3;205,267,207;,
  3;205,214,215;,
  3;187,188,270;,
  3;224,272,271;,
  3;223,221,209;,
  3;224,223,197;,
  3;271,273,262;,
  3;273,271,272;,
  3;263,275,274;,
  3;273,276,262;,
  3;277,272,278;,
  3;272,277,273;,
  3;223,271,262;,
  3;271,223,224;,
  3;223,209,197;,
  3;208,221,247;,
  3;221,208,209;,
  3;222,223,262;,
  3;266,207,279;,
  3;207,266,206;,
  3;207,280,279;,
  3;280,207,267;,
  3;280,263,274;,
  3;263,280,267;,
  3;264,262,276;,
  3;76,73,72;,
  3;138,281,140;,
  3;73,132,72;,
  3;132,73,151;,
  3;72,71,76;,
  3;272,225,278;,
  3;155,11,8;,
  3;276,277,282;,
  3;277,276,273;,
  3;275,276,282;,
  3;276,275,264;,
  3;28,141,27;,
  3;141,28,139;,
  3;139,132,138;,
  3;132,139,28;,
  3;132,281,138;,
  3;281,132,151;,
  3;281,148,283;,
  3;148,281,151;,
  3;283,149,284;,
  3;149,283,148;,
  3;7,284,149;,
  3;284,7,4;,
  3;6,79,22;,
  3;79,6,77;,
  3;77,7,74;,
  3;7,77,6;,
  3;5,3,4;,
  3;3,5,2;,
  3;285,137,82;,
  3;137,285,136;,
  3;137,81,82;,
  3;92,146,87;,
  3;146,92,144;,
  3;2,21,253;,
  3;21,2,5;,
  3;286,213,229;,
  3;251,211,286;,
  3;213,286,211;,
  3;234,216,217;,
  3;227,202,228;,
  3;202,230,228;,
  3;230,202,260;,
  3;232,220,235;,
  3;228,214,227;,
  3;26,71,25;,
  3;71,26,268;,
  3;155,142,11;,
  3;18,80,78;,
  3;80,18,254;,
  3;272,224,225;,
  3;275,263,264;,
  3;202,227,204;,
  3;232,219,220;,
  3;287,289,288;,
  3;289,287,290;,
  3;291,288,292;,
  3;288,291,287;,
  3;293,292,294;,
  3;292,293,291;,
  3;295,294,296;,
  3;294,295,293;,
  3;296,297,295;,
  3;298,290,299;,
  3;290,298,289;,
  3;300,302,301;,
  3;302,300,303;,
  3;304,300,305;,
  3;300,304,303;,
  3;306,305,307;,
  3;305,306,304;,
  3;308,306,307;,
  3;306,308,309;,
  3;308,310,309;,
  3;145,146,311;,
  3;312,314,313;,
  3;314,312,315;,
  3;316,318,317;,
  3;318,316,319;,
  3;320,322,321;,
  3;322,320,323;,
  3;324,326,325;,
  3;326,324,327;,
  3;328,324,325;,
  3;324,328,329;,
  3;330,331,328;,
  3;331,330,332;,
  3;319,22,318;,
  3;22,319,21;,
  3;327,333,326;,
  3;333,327,334;,
  3;335,337,336;,
  3;337,335,338;,
  3;339,341,340;,
  3;341,339,342;,
  3;341,344,343;,
  3;344,341,342;,
  3;345,347,346;,
  3;347,345,348;,
  3;346,350,349;,
  3;350,346,347;,
  3;348,351,347;,
  3;351,348,352;,
  3;347,353,350;,
  3;353,347,351;,
  3;352,341,351;,
  3;341,352,340;,
