xof 0303txt 0032
template XSkinMeshHeader {
 <3cf169ce-ff7c-44ab-93c0-f78f62d172e2>
 WORD nMaxSkinWeightsPerVertex;
 WORD nMaxSkinWeightsPerFace;
 WORD nBones;
}

template VertexDuplicationIndices {
 <b8d65549-d7c9-4995-89cf-53a9a8b031e3>
 DWORD nIndices;
 DWORD nOriginalVertices;
 array DWORD indices[nIndices];
}

template SkinWeights {
 <6f0d123b-bad2-4167-a0d0-80224f25fabb>
 STRING transformNodeName;
 DWORD nWeights;
 array DWORD vertexIndices[nWeights];
 array FLOAT weights[nWeights];
 Matrix4x4 matrixOffset;
}

template AnimTicksPerSecond {
 <9e415a43-7ba6-4a73-8743-b73d47e88476>
 DWORD AnimTicksPerSecond;
}

template VertexElement {
 <f752461c-1e23-48f6-b9f8-8350850f336f>
 DWORD Type;
 DWORD Method;
 DWORD Usage;
 DWORD UsageIndex;
}

template DeclData {
 <bf22e553-292c-4781-9fea-62bd554bdd93>
 DWORD nElements;
 array VertexElement Elements[nElements];
 DWORD nDWords;
 array DWORD data[nDWords];
}


AnimTicksPerSecond {
 24;
}

Frame Dummy01 {
 

 FrameTransformMatrix {
  -0.000000,0.000000,-1.000000,0.000000,-1.000000,-0.000000,0.000000,0.000000,-0.000000,1.000000,0.000000,0.000000,-0.103500,-0.420000,0.280000,1.000000;;
 }

 Frame Bip01 {
  

  FrameTransformMatrix {
   -0.027253,0.999439,0.019494,0.000000,-0.006106,-0.019667,0.999788,0.000000,0.999610,0.027128,0.006638,0.000000,0.000000,-0.150989,0.315377,1.000000;;
  }

  Frame Bip01_Pelvis {
   

   FrameTransformMatrix {
    -0.010582,0.998073,0.061146,0.000000,0.002028,-0.061127,0.998128,0.000000,0.999942,0.010686,-0.001377,0.000000,0.000000,0.000000,0.000000,1.000000;;
   }

   Frame Bip01_Spine {
    

    FrameTransformMatrix {
     0.953691,-0.058016,0.295139,0.000000,0.061145,0.998128,-0.001375,0.000000,-0.294507,0.019357,0.955453,0.000000,0.051559,-0.003158,0.000471,1.000000;;
    }

    Frame Bip01_Spine1 {
     

     FrameTransformMatrix {
      0.991473,0.000000,0.130310,0.000000,-0.000000,1.000000,-0.000000,0.000000,-0.130310,-0.000000,0.991473,0.000000,0.106491,-0.000000,-0.000084,1.000000;;
     }

     Frame Bip01_Neck {
      

      FrameTransformMatrix {
       0.903366,0.000001,0.428870,0.000000,-0.000001,1.000000,-0.000000,0.000000,-0.428870,-0.000000,0.903366,0.000000,0.130516,0.000000,0.004628,1.000000;;
      }

      Frame Bip01_Head {
       

       FrameTransformMatrix {
        0.968422,-0.000001,-0.249317,0.000000,0.000001,1.000000,-0.000000,0.000000,0.249317,-0.000000,0.968422,0.000000,0.033674,0.000000,0.000000,1.000000;;
       }

       Frame Bip01_HeadNub {
        

        FrameTransformMatrix {
         1.000000,-0.000000,-0.000000,0.000000,0.000000,1.000000,-0.000000,0.000000,0.000000,-0.000000,1.000000,0.000000,0.169824,-0.000000,0.000000,1.000000;;
        }
       }
      }

      Frame Bip01_L_Clavicle {
       

       FrameTransformMatrix {
        -0.000000,1.000000,-0.000003,0.000000,0.903024,-0.000001,-0.429589,0.000000,-0.429589,-0.000003,-0.903024,0.000000,-0.023698,0.015715,0.006128,1.000000;;
       }

       Frame Bip01_L_UpperArm {
        

        FrameTransformMatrix {
         -0.025058,-0.831443,-0.555045,0.000000,0.884150,0.240677,-0.400442,0.000000,0.466531,-0.500777,0.729089,0.000000,0.087086,0.000000,0.000000,1.000000;;
        }

        Frame Bip01_L_Forearm {
         

         FrameTransformMatrix {
          0.811916,-0.000000,-0.583774,0.000000,0.000000,1.000000,-0.000000,0.000000,0.583774,0.000000,0.811916,0.000000,0.137062,0.000000,-0.000000,1.000000;;
         }

         Frame Bip01_L_Hand {
          

          FrameTransformMatrix {
           0.947482,-0.313004,-0.065618,0.000000,0.246442,0.583821,0.773576,0.000000,-0.203823,-0.749120,0.630298,0.000000,0.137062,0.000000,0.000000,1.000000;;
          }

          Frame Bip01_L_Finger0 {
           

           FrameTransformMatrix {
            0.829256,-0.514255,0.218807,0.000000,0.558537,0.749101,-0.356210,0.000000,0.019274,0.417601,0.908427,0.000000,0.057681,-0.023605,-0.000272,1.000000;;
           }

           Frame Bip01_L_Finger0Nub {
            

            FrameTransformMatrix {
             1.000000,0.000000,0.000000,0.000000,0.000000,1.000000,0.000000,0.000000,-0.000000,0.000000,1.000000,0.000000,0.029435,0.000000,0.000000,1.000000;;
            }
           }
          }

          Frame Bip01_L_Finger1 {
           

           FrameTransformMatrix {
            0.989590,-0.000115,0.143914,0.000000,-0.000000,1.000000,0.000796,0.000000,-0.143914,-0.000788,0.989590,0.000000,0.084102,0.000000,0.000000,1.000000;;
           }

           Frame Bip01_L_Finger1Nub {
            

            FrameTransformMatrix {
             1.000000,0.000000,-0.000000,0.000000,-0.000000,1.000000,0.000000,0.000000,0.000000,0.000000,1.000000,0.000000,0.047988,-0.000000,0.000000,1.000000;;
            }
           }
          }
         }
        }
       }
      }

      Frame Bip01_R_Clavicle {
       

       FrameTransformMatrix {
        -0.000000,-1.000000,0.000003,0.000000,-0.903024,0.000001,0.429589,0.000000,-0.429589,-0.000003,-0.903024,0.000000,-0.023698,-0.015714,0.006128,1.000000;;
       }

       Frame Bip01_R_UpperArm {
        

        FrameTransformMatrix {
         0.264513,0.918903,-0.292659,0.000000,-0.725426,0.389548,0.567459,0.000000,0.635444,0.062202,0.769637,0.000000,0.087086,0.000000,0.000000,1.000000;;
        }

        Frame Bip01_R_Forearm {
         

         FrameTransformMatrix {
          0.372056,-0.000000,-0.928210,0.000000,0.000000,1.000000,-0.000000,0.000000,0.928210,0.000000,0.372056,0.000000,0.137062,0.000000,0.000000,1.000000;;
         }

         Frame Bip01_R_Hand {
          

          FrameTransformMatrix {
           0.951073,0.246139,0.186752,0.000000,0.183824,0.035034,-0.982335,0.000000,-0.248334,0.968601,-0.011926,0.000000,0.137062,-0.000000,-0.000000,1.000000;;
          }

          Frame Bip01_R_Finger0 {
           

           FrameTransformMatrix {
            0.829256,0.514255,0.218807,0.000000,-0.558537,0.749101,0.356210,0.000000,0.019274,-0.417601,0.908427,0.000000,0.057681,0.023605,-0.000272,1.000000;;
           }

           Frame Bip01_R_Finger0Nub {
            

            FrameTransformMatrix {
             -1.000000,-0.000000,-0.000000,0.000000,0.000000,1.000000,0.000000,0.000000,-0.000000,0.000000,-1.000000,0.000000,0.029435,-0.000000,0.000000,1.000000;;
            }
           }
          }

          Frame Bip01_R_Finger1 {
           

           FrameTransformMatrix {
            0.989590,0.000115,0.143914,0.000000,0.000000,1.000000,-0.000796,0.000000,-0.143914,0.000788,0.989590,0.000000,0.084102,0.000000,-0.000000,1.000000;;
           }

           Frame Bip01_R_Finger1Nub {
            

            FrameTransformMatrix {
             -1.000000,0.000000,0.000000,0.000000,0.000000,1.000000,0.000000,0.000000,-0.000000,-0.000000,-1.000000,0.000000,0.047988,0.000000,-0.000000,1.000000;;
            }
           }
          }
         }
        }
       }
      }
     }

     Frame Bip01_BackPack {
      

      FrameTransformMatrix {
       0.190104,-0.000002,-0.981764,0.000000,0.000003,1.000000,-0.000002,0.000000,0.981764,-0.000002,0.190104,0.000000,0.063697,-0.000000,-0.088856,1.000000;;
      }

      Frame Bip01_BackPackNub {
       

       FrameTransformMatrix {
        0.000796,0.000003,1.000000,0.000000,-0.000000,-1.000000,0.000003,0.000000,1.000000,-0.000000,-0.000796,0.000000,0.053240,0.000000,0.000000,1.000000;;
       }
      }
     }
    }

    Frame Bip01_L_Thigh {
     

     FrameTransformMatrix {
      0.071664,0.106676,0.991708,0.000000,-0.196716,-0.973224,0.118903,0.000000,0.977838,-0.203606,-0.048760,0.000000,-0.052697,0.055122,0.015865,1.000000;;
     }

     Frame Bip01_L_Calf {
      

      FrameTransformMatrix {
       0.090190,-0.000000,-0.995925,0.000000,0.000000,1.000000,0.000000,0.000000,0.995925,-0.000000,0.090190,0.000000,0.237500,0.000000,0.000000,1.000000;;
      }

      Frame Bip01_L_Foot {
       

       FrameTransformMatrix {
        0.967793,0.227723,0.107327,0.000000,-0.222122,0.973065,-0.061691,0.000000,-0.118484,0.035864,0.992308,0.000000,0.206841,0.000000,0.000000,1.000000;;
       }

       Frame Bip01_L_Toe0 {
        

        FrameTransformMatrix {
         -0.000000,-0.000000,1.000000,0.000000,0.000000,1.000000,-0.000000,0.000000,-1.000000,0.000000,-0.000000,0.000000,0.065373,0.000000,0.066450,1.000000;;
        }

        Frame Bip01_L_Toe0Nub {
         

         FrameTransformMatrix {
          -1.000000,0.000000,-0.000000,0.000000,-0.000000,1.000000,-0.000000,0.000000,0.000000,-0.000000,-1.000000,0.000000,0.006735,0.000000,-0.000000,1.000000;;
         }
        }
       }
      }
     }
    }

    Frame Bip01_R_Thigh {
     

     FrameTransformMatrix {
      0.013688,-0.159739,0.987064,0.000000,0.236824,-0.958552,-0.158409,0.000000,0.971456,0.235929,0.024709,0.000000,-0.046289,-0.055122,0.013727,1.000000;;
     }

     Frame Bip01_R_Calf {
      

      FrameTransformMatrix {
       0.002856,-0.000000,-0.999996,0.000000,-0.000000,1.000000,0.000000,0.000000,0.999996,-0.000000,0.002856,0.000000,0.237500,-0.000000,0.000000,1.000000;;
      }

      Frame Bip01_R_Foot {
       

       FrameTransformMatrix {
        0.932092,-0.264076,0.247928,0.000000,0.222529,0.957539,0.183301,0.000000,-0.285806,-0.115682,0.951279,0.000000,0.206841,0.000000,0.000000,1.000000;;
       }

       Frame Bip01_R_Toe0 {
        

        FrameTransformMatrix {
         -0.000000,-0.000000,1.000000,0.000000,0.000000,1.000000,-0.000000,0.000000,-1.000000,0.000000,-0.000000,0.000000,0.065373,0.000000,0.066450,1.000000;;
        }

        Frame Bip01_R_Toe0Nub {
         

         FrameTransformMatrix {
          1.000000,-0.000000,0.000000,0.000000,-0.000000,1.000000,0.000000,0.000000,0.000000,0.000000,1.000000,0.000000,0.006735,0.000000,0.000000,1.000000;;
         }
        }
       }
      }
     }
    }
   }

   Frame Bip01_DressFront {
    

    FrameTransformMatrix {
     -0.295593,-0.000002,0.955314,0.000000,-0.000004,1.000000,0.000001,0.000000,-0.955314,-0.000004,-0.295593,0.000000,-0.043862,0.001399,0.060985,1.000000;;
    }

    Frame Bip01_DressFront02 {
     

     FrameTransformMatrix {
      0.396226,0.000003,0.918153,0.000000,-0.000003,1.000000,-0.000002,0.000000,-0.918153,-0.000002,0.396226,0.000000,0.183445,0.000000,-0.000052,1.000000;;
     }

     Frame Bip01_DressFrontNub {
      

      FrameTransformMatrix {
       0.000796,0.000003,1.000000,0.000000,0.000000,-1.000000,0.000003,0.000000,1.000000,0.000000,-0.000796,0.000000,0.165302,0.000000,0.000000,1.000000;;
      }
     }
    }
   }

   Frame Bip01_DressBack {
    

    FrameTransformMatrix {
     -0.369104,-0.000002,0.929389,0.000000,-0.000004,1.000000,0.000000,0.000000,-0.929389,-0.000004,-0.369104,0.000000,-0.052606,0.000000,-0.080355,1.000000;;
    }

    Frame Bip01_DressBack02 {
     

     FrameTransformMatrix {
      0.767515,0.000002,0.641031,0.000000,-0.000002,1.000000,-0.000001,0.000000,-0.641031,-0.000001,0.767515,0.000000,0.176228,0.000000,-0.000083,1.000000;;
     }

     Frame Bip01_DressBackNub {
      

      FrameTransformMatrix {
       0.000796,0.000003,1.000000,0.000000,0.000000,-1.000000,0.000003,0.000000,1.000000,0.000000,-0.000796,0.000000,0.136508,0.000000,-0.000000,1.000000;;
      }
     }
    }
   }
  }

  Frame Bip01_Prop1 {
   

   FrameTransformMatrix {
    -0.906200,0.150956,0.394985,0.000000,0.398811,0.615581,0.679713,0.000000,-0.140539,0.773481,-0.618043,0.000000,0.153672,-0.028673,-0.024909,1.000000;;
   }
  }

  Frame Bip01_Prop2 {
   

   FrameTransformMatrix {
    0.581454,-0.657508,-0.479159,0.000000,0.067436,0.625876,-0.777002,0.000000,0.810779,0.419478,0.408258,0.000000,0.203748,-0.050801,0.016097,1.000000;;
   }
  }
 }
}

Frame Translation_Data {
 

 FrameTransformMatrix {
  -0.000000,0.000000,1.000000,0.000000,1.000000,0.000000,0.000000,0.000000,0.000000,1.000000,0.000000,0.000000,-0.103528,0.000000,0.119061,1.000000;;
 }
}

Frame Body {
 

 FrameTransformMatrix {
  -0.000000,0.000000,1.000000,0.000000,0.000000,1.000000,0.000000,0.000000,-1.000000,0.000000,-0.000000,0.000000,-0.103528,0.000000,0.119061,1.000000;;
 }

 Mesh Body {
  617;
  -0.587843;0.144092;-0.064264;,
  -0.579600;0.164377;-0.023833;,
  -0.584813;0.131306;-0.029121;,
  -0.584419;0.123798;-0.075652;,
  -0.578496;0.107533;-0.080843;,
  -0.590369;0.096263;-0.036849;,
  -0.583894;0.064778;-0.050324;,
  -0.556346;0.077324;-0.087645;,
  -0.551886;0.196691;-0.025338;,
  -0.551127;0.181021;-0.066521;,
  -0.521686;0.183071;-0.075850;,
  -0.516701;0.188553;-0.044178;,
  -0.451518;-0.061058;-0.087027;,
  -0.426075;-0.064241;-0.046223;,
  -0.432568;-0.047842;-0.046846;,
  -0.455496;-0.047271;-0.079955;,
  -0.510698;-0.047479;-0.073198;,
  -0.492370;-0.075178;-0.085890;,
  -0.540142;-0.051461;-0.044395;,
  -0.531003;-0.104344;-0.039843;,
  -0.518713;-0.094587;-0.068496;,
  -0.592469;0.096752;0.004148;,
  -0.589194;0.060953;0.003822;,
  -0.425154;-0.066208;-0.004035;,
  -0.431336;-0.048131;-0.003910;,
  -0.453992;0.065704;-0.051895;,
  -0.449039;0.067491;0.000061;,
  -0.456321;0.107640;0.000525;,
  -0.462636;0.108422;-0.056309;,
  -0.537888;-0.089763;-0.050136;,
  -0.636352;-0.094469;-0.060470;,
  -0.631848;-0.113537;-0.103731;,
  -0.525832;-0.112149;-0.090806;,
  -0.743959;-0.128842;-0.069603;,
  -0.719644;-0.146861;-0.102697;,
  -0.534829;-0.107189;-0.006761;,
  -0.424629;-0.169092;-0.010567;,
  -0.615245;-0.200006;-0.042247;,
  -0.631594;-0.129380;-0.019532;,
  -0.698143;-0.177789;-0.054196;,
  -0.723076;-0.157760;-0.047108;,
  -0.508837;-0.164536;-0.095391;,
  -0.616750;-0.174857;-0.118122;,
  -0.696204;-0.167524;-0.093623;,
  -0.687807;-0.420651;-0.138769;,
  -0.690874;-0.420628;-0.093873;,
  -0.642347;-0.420735;-0.099203;,
  -0.642614;-0.420758;-0.134060;,
  -0.737978;-0.203018;-0.086675;,
  -0.730752;-0.275498;-0.100291;,
  -0.701161;-0.269882;-0.128103;,
  -0.708300;-0.196418;-0.116520;,
  -0.721373;-0.352552;-0.116833;,
  -0.692353;-0.349671;-0.135957;,
  -0.714375;-0.227791;-0.048811;,
  -0.661807;-0.209667;-0.044962;,
  -0.665258;-0.272393;-0.064768;,
  -0.706444;-0.282459;-0.070807;,
  -0.670072;-0.342865;-0.101578;,
  -0.695939;-0.359281;-0.099968;,
  -0.659657;-0.187957;-0.113906;,
  -0.663620;-0.261431;-0.125866;,
  -0.669985;-0.334782;-0.124821;,
  -0.488215;-0.104470;-0.090532;,
  -0.541855;-0.109423;0.001867;,
  -0.528849;-0.144277;0.003373;,
  -0.534829;-0.107189;-0.006761;,
  -0.434124;-0.111453;-0.093530;,
  -0.408643;-0.110767;-0.044214;,
  -0.474618;-0.159568;-0.091464;,
  -0.447215;-0.165861;-0.046871;,
  -0.446648;0.014548;-0.048474;,
  -0.471391;0.059376;-0.083150;,
  -0.489406;0.059456;-0.094152;,
  -0.541481;0.047786;-0.086342;,
  -0.521354;0.000593;-0.070992;,
  -0.472244;0.009379;-0.079835;,
  -0.574195;0.035659;-0.051178;,
  -0.548134;-0.009690;-0.047384;,
  -0.579599;0.035994;0.003395;,
  -0.550331;-0.015298;0.001593;,
  -0.602691;0.129369;-0.102245;,
  -0.575035;0.136495;-0.056638;,
  -0.613050;0.080175;-0.108384;,
  -0.588974;0.076714;-0.053627;,
  -0.596935;0.026115;-0.060300;,
  -0.616623;0.028418;-0.104656;,
  -0.523449;0.113535;-0.079521;,
  -0.530107;0.062886;-0.080254;,
  -0.588974;0.076714;-0.053627;,
  -0.550278;0.009625;-0.081003;,
  -0.596935;0.026115;-0.060300;,
  -0.519880;0.113203;-0.090272;,
  -0.543844;0.114786;-0.128188;,
  -0.554092;0.066625;-0.135158;,
  -0.569893;0.011805;-0.125231;,
  -0.579721;0.124436;-0.120799;,
  -0.634335;0.017863;-0.101437;,
  -0.612297;0.012862;-0.048619;,
  -0.651680;-0.032940;-0.042854;,
  -0.664289;-0.027645;-0.076918;,
  -0.669870;-0.068041;-0.037838;,
  -0.687507;-0.068127;-0.058632;,
  -0.612297;0.012862;-0.048619;,
  -0.565901;-0.023742;-0.070755;,
  -0.613737;-0.065767;-0.070361;,
  -0.651680;-0.032940;-0.042854;,
  -0.653710;-0.092306;-0.061399;,
  -0.669870;-0.068041;-0.037838;,
  -0.587712;-0.018763;-0.123341;,
  -0.623473;-0.061260;-0.096418;,
  -0.662461;-0.092077;-0.072379;,
  -0.738088;-0.149430;0.036060;,
  -0.716535;-0.145034;0.036165;,
  -0.700919;-0.169019;-0.002560;,
  -0.722257;-0.172988;-0.002274;,
  -0.704509;-0.104467;0.029582;,
  -0.711009;-0.113444;0.027862;,
  -0.719381;-0.108303;0.022908;,
  -0.712863;-0.096351;0.028899;,
  -0.665189;-0.121547;-0.046451;,
  -0.691938;-0.143488;-0.032347;,
  -0.700792;-0.101095;-0.002187;,
  -0.669886;-0.087513;-0.010510;,
  -0.697180;-0.110561;-0.063402;,
  -0.711636;-0.143491;-0.035524;,
  -0.702499;-0.074085;-0.026752;,
  -0.720056;-0.102177;-0.007109;,
  -0.553313;0.184791;-0.093309;,
  -0.581754;0.176363;-0.097004;,
  -0.551127;0.181021;-0.066521;,
  -0.574909;0.170612;-0.061759;,
  -0.481143;0.106530;-0.092643;,
  -0.574019;0.180964;-0.034531;,
  -0.594570;0.152958;-0.093472;,
  -0.587843;0.144092;-0.064264;,
  -0.584419;0.123798;-0.075652;,
  -0.584968;0.137074;-0.092951;,
  -0.503188;0.146222;-0.095505;,
  -0.482133;0.145030;-0.056326;,
  -0.508467;0.148630;-0.097888;,
  -0.475422;0.140969;0.001265;,
  -0.519074;0.182192;0.002723;,
  -0.521686;0.183071;-0.075850;,
  -0.508467;0.148630;-0.097888;,
  -0.549612;0.111925;-0.083311;,
  -0.514911;0.138695;-0.098121;,
  -0.575035;0.136495;-0.056638;,
  -0.510402;0.093169;-0.094078;,
  -0.541664;0.078881;-0.086398;,
  -0.578496;0.107533;-0.080843;,
  -0.496500;0.101020;-0.099756;,
  -0.669886;-0.087513;-0.010510;,
  -0.574457;0.217557;-0.021596;,
  -0.590732;0.203462;-0.030411;,
  -0.547719;0.200092;0.003618;,
  -0.568232;0.224082;0.004332;,
  -0.720056;-0.102177;-0.007109;,
  -0.738088;-0.149430;0.036060;,
  -0.722257;-0.172988;-0.002274;,
  -0.688412;-0.098199;0.019591;,
  -0.709704;-0.085128;0.012754;,
  -0.688412;-0.098199;0.019591;,
  -0.699808;-0.110258;0.013147;,
  -0.715891;-0.100135;-0.002494;,
  -0.715891;-0.100135;-0.002494;,
  -0.704509;-0.104467;0.029582;,
  -0.712863;-0.096351;0.028899;,
  -0.719381;-0.108303;0.022908;,
  -0.764641;-0.398985;-0.145010;,
  -0.802151;-0.402019;-0.113434;,
  -0.809387;-0.420598;-0.114755;,
  -0.771878;-0.420610;-0.150570;,
  -0.652977;-0.387325;-0.095457;,
  -0.642347;-0.420735;-0.099203;,
  -0.690874;-0.420628;-0.093873;,
  -0.693407;-0.395671;-0.092502;,
  -0.670072;-0.342865;-0.101578;,
  -0.669985;-0.334782;-0.124821;,
  -0.653508;-0.384303;-0.136997;,
  -0.687807;-0.420651;-0.138769;,
  -0.642614;-0.420758;-0.134060;,
  -0.690278;-0.385705;-0.139919;,
  -0.721373;-0.352552;-0.116833;,
  -0.692353;-0.349671;-0.135957;,
  -0.798934;-0.420587;-0.079816;,
  -0.791697;-0.405053;-0.085942;,
  -0.771878;-0.420610;-0.150570;,
  -0.798934;-0.420587;-0.079816;,
  -0.631594;-0.129380;-0.019532;,
  -0.723076;-0.157760;-0.047108;,
  -0.714375;-0.227791;-0.048811;,
  -0.706444;-0.282459;-0.070807;,
  -0.695939;-0.359281;-0.099968;,
  -0.695939;-0.359281;-0.099968;,
  -0.478779;-0.158286;0.002617;,
  -0.609394;0.197294;-0.040858;,
  -0.624369;0.184774;-0.031940;,
  -0.619513;0.179717;-0.023172;,
  -0.602602;0.190329;-0.022239;,
  -0.597702;0.225295;-0.033284;,
  -0.584195;0.243766;-0.025609;,
  -0.685207;0.312715;-0.011591;,
  -0.686828;0.316637;0.008167;,
  -0.704679;0.292712;0.008493;,
  -0.694663;0.231794;-0.026117;,
  -0.701064;0.260526;-0.022083;,
  -0.699491;0.227539;-0.009049;,
  -0.619591;0.223356;-0.045735;,
  -0.637255;0.200929;-0.037364;,
  -0.607039;0.211464;-0.039258;,
  -0.621384;0.262342;-0.046550;,
  -0.645831;0.260258;-0.046379;,
  -0.668735;0.289545;-0.044846;,
  -0.690467;0.274580;-0.035688;,
  -0.666807;0.243510;-0.041687;,
  -0.594929;0.290447;-0.033632;,
  -0.609030;0.273488;-0.044203;,
  -0.584564;0.296436;0.005257;,
  -0.619023;0.331662;0.006427;,
  -0.627919;0.325222;-0.026244;,
  -0.654912;0.224192;-0.042612;,
  -0.672403;0.208317;-0.027802;,
  -0.644421;0.185740;-0.027911;,
  -0.642343;0.158465;-0.013603;,
  -0.648329;0.150739;0.006018;,
  -0.628952;0.159181;0.005548;,
  -0.702647;0.281691;-0.017407;,
  -0.680399;0.304044;-0.031468;,
  -0.643534;0.313820;-0.041047;,
  -0.659272;0.324642;-0.027008;,
  -0.654491;0.335414;0.007414;,
  -0.655905;0.332440;-0.009808;,
  -0.576130;0.257157;0.004768;,
  -0.643534;0.313820;-0.041047;,
  -0.659272;0.324642;-0.027008;,
  -0.621623;0.225451;-0.051926;,
  -0.619367;0.258084;-0.062359;,
  -0.635597;0.270689;-0.056773;,
  -0.630817;0.251901;-0.049911;,
  -0.619367;0.258084;-0.062359;,
  -0.621623;0.225451;-0.051926;,
  -0.635597;0.270689;-0.056773;,
  -0.645831;0.260258;-0.046379;,
  -0.639968;0.235797;-0.047208;,
  -0.619591;0.223356;-0.045735;,
  -0.683188;0.227774;-0.027092;,
  -0.639968;0.235797;-0.047208;,
  -0.574019;0.180964;-0.034531;,
  -0.590732;0.203462;-0.030411;,
  -0.574909;0.170612;-0.061759;,
  -0.597702;0.225295;-0.033284;,
  -0.592795;0.147492;0.004492;,
  -0.590633;0.123801;0.004278;,
  -0.542417;-0.051903;-0.000835;,
  -0.407674;-0.111101;-0.002117;,
  -0.411688;-0.145110;-0.000139;,
  -0.483192;-0.184187;-0.008204;,
  -0.612693;0.166011;0.005153;,
  -0.478779;-0.158286;0.002617;,
  -0.655905;0.332440;-0.009808;,
  -0.654491;0.335414;0.007414;,
  -0.662148;0.183595;-0.013516;,
  -0.678932;0.200160;-0.005411;,
  -0.674531;0.191574;-0.005779;,
  -0.710897;0.278524;0.008565;,
  -0.711919;0.253101;0.008423;,
  -0.687049;0.224119;-0.007325;,
  -0.443181;0.014409;-0.001068;,
  -0.574909;0.170612;-0.061759;,
  -0.809387;-0.420598;-0.114755;,
  -0.658777;0.177925;-0.013050;,
  -0.663704;0.172760;-0.005281;,
  -0.662826;0.178702;-0.005080;,
  -0.690416;0.191270;0.007429;,
  -0.678112;0.188241;0.007075;,
  -0.668921;0.179860;-0.004655;,
  -0.663107;0.178642;0.006604;,
  -0.665005;0.169926;0.006598;,
  -0.704320;0.223284;0.008019;,
  -0.696423;0.216881;0.007762;,
  -0.514911;0.138695;-0.098121;,
  -0.671933;0.178076;0.006840;,
  -0.534050;0.120391;-0.079197;,
  -0.549612;0.111925;-0.083311;,
  -0.578496;0.107533;-0.080843;,
  -0.609030;0.273488;-0.044203;,
  -0.737978;-0.203018;-0.086675;,
  -0.740705;-0.230903;-0.026889;,
  -0.739451;-0.306654;-0.042883;,
  -0.730752;-0.275498;-0.100291;,
  -0.743959;-0.128842;-0.069603;,
  -0.730776;-0.157548;-0.021585;,
  -0.636352;-0.094469;-0.060470;,
  -0.635128;-0.135266;-0.006893;,
  -0.537888;-0.089763;-0.050136;,
  -0.549847;-0.110610;-0.001594;,
  -0.531003;-0.104344;-0.039843;,
  -0.743539;-0.378545;-0.049089;,
  -0.721373;-0.352552;-0.116833;,
  -0.639295;-0.285584;-0.064955;,
  -0.638592;-0.353128;-0.080439;,
  -0.644983;-0.392852;0.019620;,
  -0.625237;-0.325578;0.015550;,
  -0.615817;-0.259977;0.012094;,
  -0.647731;-0.209766;-0.048969;,
  -0.588827;-0.212402;0.008407;,
  -0.680777;-0.194200;-0.049975;,
  -0.611427;-0.214333;-0.044275;,
  -0.531937;-0.204893;0.005024;,
  -0.426534;-0.167764;0.001545;,
  -0.534050;0.120391;-0.079197;,
  -0.584127;0.143179;0.072818;,
  -0.580093;0.122740;0.083738;,
  -0.583007;0.130865;0.037408;,
  -0.578078;0.164005;0.032283;,
  -0.573656;0.105521;0.087994;,
  -0.551427;0.076119;0.093579;,
  -0.580963;0.064060;0.057646;,
  -0.588148;0.095720;0.044961;,
  -0.550310;0.196306;0.032711;,
  -0.514159;0.187930;0.049508;,
  -0.517928;0.182874;0.081445;,
  -0.548769;0.181116;0.072936;,
  -0.446465;-0.051982;0.079348;,
  -0.450951;-0.040803;0.072932;,
  -0.430021;-0.044217;0.038843;,
  -0.423528;-0.059664;0.037667;,
  -0.506468;-0.041459;0.069116;,
  -0.487264;-0.066006;0.082225;,
  -0.537564;-0.047792;0.042342;,
  -0.514736;-0.087120;0.068933;,
  -0.528516;-0.099877;0.042044;,
  -0.431336;-0.048131;-0.003910;,
  -0.425154;-0.066208;-0.004035;,
  -0.451167;0.065013;0.052181;,
  -0.459544;0.107665;0.057624;,
  -0.456321;0.107640;0.000525;,
  -0.449039;0.067491;0.000061;,
  -0.536409;-0.086278;0.054657;,
  -0.519261;-0.106363;0.094834;,
  -0.622423;-0.114409;0.117675;,
  -0.632336;-0.097208;0.074533;,
  -0.707668;-0.153004;0.126352;,
  -0.736022;-0.139342;0.095755;,
  -0.535916;-0.105602;0.011398;,
  -0.629347;-0.133201;0.034371;,
  -0.606350;-0.201840;0.057423;,
  -0.423896;-0.167773;0.013596;,
  -0.715793;-0.166187;0.071759;,
  -0.689406;-0.182847;0.076539;,
  -0.602078;-0.174139;0.132297;,
  -0.499150;-0.158297;0.100654;,
  -0.684353;-0.171106;0.115271;,
  -0.643409;-0.420651;0.163186;,
  -0.598217;-0.420758;0.158477;,
  -0.597948;-0.420735;0.123621;,
  -0.646476;-0.420628;0.118291;,
  -0.719185;-0.211622;0.113587;,
  -0.687517;-0.199757;0.139498;,
  -0.668263;-0.270963;0.151378;,
  -0.699753;-0.281771;0.127455;,
  -0.647314;-0.348763;0.159748;,
  -0.677101;-0.354847;0.143095;,
  -0.696781;-0.234006;0.073568;,
  -0.678312;-0.286150;0.095366;,
  -0.640068;-0.270431;0.084211;,
  -0.648298;-0.208591;0.063070;,
  -0.651541;-0.359281;0.124386;,
  -0.628517;-0.340690;0.123727;,
  -0.632914;-0.257238;0.144466;,
  -0.641313;-0.184425;0.130867;,
  -0.627536;-0.332111;0.146722;,
  -0.482740;-0.094633;0.089764;,
  -0.535916;-0.105602;0.011398;,
  -0.406095;-0.106190;0.039676;,
  -0.428544;-0.101428;0.090225;,
  -0.442497;-0.161305;0.048823;,
  -0.466744;-0.151767;0.094644;,
  -0.444041;0.014498;0.046448;,
  -0.466848;0.058264;0.084247;,
  -0.484239;0.058192;0.096209;,
  -0.467881;0.009295;0.079039;,
  -0.517409;0.000517;0.072654;,
  -0.536666;0.046608;0.091078;,
  -0.545448;-0.009742;0.050402;,
  -0.571243;0.034937;0.057583;,
  -0.590052;0.116966;0.110046;,
  -0.587710;0.070333;0.129662;,
  -0.556680;0.120618;0.067990;,
  -0.572851;0.026507;0.143555;,
  -0.544261;0.020454;0.104792;,
  -0.552973;0.060840;0.081775;,
  -0.506584;0.121935;0.102639;,
  -0.552973;0.060840;0.081775;,
  -0.499266;0.073768;0.118022;,
  -0.544261;0.020454;0.104792;,
  -0.505365;0.012199;0.132609;,
  -0.505326;0.125517;0.113316;,
  -0.534022;0.083582;0.165974;,
  -0.536019;0.129025;0.145874;,
  -0.533870;0.018026;0.171275;,
  -0.570884;0.124522;0.131763;,
  -0.588904;0.026698;0.136195;,
  -0.619017;-0.013096;0.103348;,
  -0.599968;-0.019754;0.072685;,
  -0.556491;0.019150;0.089367;,
  -0.643893;-0.049358;0.078629;,
  -0.625845;-0.048740;0.060166;,
  -0.556491;0.019150;0.089367;,
  -0.599968;-0.019754;0.072685;,
  -0.574608;-0.058612;0.106164;,
  -0.521839;-0.024181;0.119644;,
  -0.625845;-0.048740;0.060166;,
  -0.610139;-0.075870;0.084381;,
  -0.589199;-0.053054;0.129622;,
  -0.554045;-0.016571;0.166222;,
  -0.624892;-0.077041;0.095967;,
  -0.691258;-0.144167;-0.006736;,
  -0.657681;-0.162590;0.021692;,
  -0.639988;-0.150757;0.017443;,
  -0.673636;-0.131829;-0.011335;,
  -0.675122;-0.090362;-0.000755;,
  -0.685180;-0.086156;0.003396;,
  -0.685057;-0.100102;0.008565;,
  -0.677274;-0.101249;0.000872;,
  -0.611797;-0.096579;0.058994;,
  -0.638408;-0.064413;0.031988;,
  -0.663636;-0.088176;0.029206;,
  -0.632118;-0.126010;0.048189;,
  -0.648713;-0.133819;0.056045;,
  -0.639104;-0.100020;0.084954;,
  -0.667327;-0.065792;0.057863;,
  -0.678955;-0.096941;0.038426;,
  -0.548091;0.183552;0.100488;,
  -0.576306;0.175036;0.105573;,
  -0.571345;0.169740;0.069963;,
  -0.548769;0.181116;0.072936;,
  -0.476053;0.105283;0.094880;,
  -0.571918;0.180450;0.042880;,
  -0.589589;0.151124;0.101771;,
  -0.578135;0.130658;0.099064;,
  -0.580093;0.122740;0.083738;,
  -0.584127;0.143179;0.072818;,
  -0.497544;0.146486;0.100897;,
  -0.502688;0.149068;0.103738;,
  -0.478999;0.144263;0.059185;,
  -0.475422;0.140969;0.001265;,
  -0.519074;0.182192;0.002723;,
  -0.517928;0.182874;0.081445;,
  -0.502688;0.149068;0.103738;,
  -0.544654;0.110391;0.089327;,
  -0.556680;0.120618;0.067990;,
  -0.508851;0.138379;0.103905;,
  -0.536834;0.077699;0.091559;,
  -0.505196;0.091894;0.097722;,
  -0.573656;0.105521;0.087994;,
  -0.491005;0.099674;0.102741;,
  -0.638408;-0.064413;0.031988;,
  -0.588822;0.202995;0.039967;,
  -0.573044;0.217211;0.030470;,
  -0.568232;0.224082;0.004332;,
  -0.547719;0.200092;0.003618;,
  -0.678955;-0.096941;0.038426;,
  -0.691258;-0.144167;-0.006736;,
  -0.657681;-0.162590;0.021692;,
  -0.681524;-0.075806;0.020013;,
  -0.660036;-0.079145;0.005939;,
  -0.660036;-0.079145;0.005939;,
  -0.664083;-0.095098;0.012716;,
  -0.677316;-0.093120;0.033373;,
  -0.677316;-0.093120;0.033373;,
  -0.685180;-0.086156;0.003396;,
  -0.675122;-0.090362;-0.000755;,
  -0.685057;-0.100102;0.008565;,
  -0.720243;-0.398985;0.169428;,
  -0.727479;-0.420610;0.174987;,
  -0.764989;-0.420598;0.139173;,
  -0.757752;-0.402019;0.137852;,
  -0.608579;-0.387325;0.119874;,
  -0.649008;-0.395671;0.116920;,
  -0.646476;-0.420628;0.118291;,
  -0.597948;-0.420735;0.123621;,
  -0.628517;-0.340690;0.123727;,
  -0.609111;-0.384303;0.161414;,
  -0.627536;-0.332111;0.146722;,
  -0.643409;-0.420651;0.163186;,
  -0.645881;-0.385705;0.164336;,
  -0.598217;-0.420758;0.158477;,
  -0.677101;-0.354847;0.143095;,
  -0.647314;-0.348763;0.159748;,
  -0.747299;-0.405053;0.110360;,
  -0.754535;-0.420587;0.104233;,
  -0.754535;-0.420587;0.104233;,
  -0.727479;-0.420610;0.174987;,
  -0.629347;-0.133201;0.034371;,
  -0.715793;-0.166187;0.071759;,
  -0.696781;-0.234006;0.073568;,
  -0.678312;-0.286150;0.095366;,
  -0.651541;-0.359281;0.124386;,
  -0.651541;-0.359281;0.124386;,
  -0.606892;0.196682;0.051329;,
  -0.601123;0.189967;0.032278;,
  -0.617961;0.179337;0.033986;,
  -0.622333;0.184276;0.043071;,
  -0.595618;0.224785;0.043508;,
  -0.582540;0.243361;0.035356;,
  -0.684139;0.312453;0.027755;,
  -0.686828;0.316637;0.008167;,
  -0.692823;0.231344;0.041691;,
  -0.698571;0.227314;0.024855;,
  -0.699422;0.260124;0.038394;,
  -0.634900;0.200353;0.049400;,
  -0.616800;0.222673;0.057098;,
  -0.604622;0.210873;0.049793;,
  -0.618532;0.261644;0.058529;,
  -0.642954;0.259554;0.059654;,
  -0.664159;0.242862;0.055884;,
  -0.688098;0.274000;0.051589;,
  -0.665897;0.288851;0.059754;,
  -0.606319;0.272825;0.055663;,
  -0.592806;0.289927;0.044569;,
  -0.584564;0.296436;0.005257;,
  -0.626136;0.324786;0.039443;,
  -0.619023;0.331662;0.006427;,
  -0.652238;0.223538;0.055906;,
  -0.642574;0.185288;0.040148;,
  -0.670513;0.207854;0.041855;,
  -0.641285;0.158206;0.025386;,
  -0.701249;0.281349;0.034092;,
  -0.678263;0.303521;0.047224;,
  -0.657402;0.324185;0.041899;,
  -0.640930;0.313183;0.054918;,
  -0.654970;0.332211;0.024646;,
  -0.654491;0.335414;0.007414;,
  -0.576130;0.257157;0.004768;,
  -0.640930;0.313183;0.054918;,
  -0.657402;0.324185;0.041899;,
  -0.618492;0.224685;0.063417;,
  -0.627773;0.251157;0.062255;,
  -0.632167;0.269850;0.069616;,
  -0.615662;0.257177;0.074145;,
  -0.618492;0.224685;0.063417;,
  -0.615662;0.257177;0.074145;,
  -0.632167;0.269850;0.069616;,
  -0.642954;0.259554;0.059654;,
  -0.637063;0.235086;0.059838;,
  -0.616800;0.222673;0.057098;,
  -0.681313;0.227315;0.041989;,
  -0.637063;0.235086;0.059838;,
  -0.588822;0.202995;0.039967;,
  -0.571918;0.180450;0.042880;,
  -0.571345;0.169740;0.069963;,
  -0.595618;0.224785;0.043508;,
  -0.407674;-0.111101;-0.002117;,
  -0.411688;-0.145110;-0.000139;,
  -0.483192;-0.184187;-0.008204;,
  -0.478779;-0.158286;0.002617;,
  -0.654970;0.332211;0.024646;,
  -0.654491;0.335414;0.007414;,
  -0.661056;0.183328;0.026706;,
  -0.673838;0.191404;0.019759;,
  -0.678250;0.199992;0.019744;,
  -0.686242;0.223922;0.022413;,
  -0.443181;0.014409;-0.001068;,
  -0.571345;0.169740;0.069963;,
  -0.764989;-0.420598;0.139173;,
  -0.663060;0.172602;0.018424;,
  -0.657718;0.177666;0.025983;,
  -0.662192;0.178547;0.018256;,
  -0.668302;0.179708;0.018177;,
  -0.508851;0.138379;0.103905;,
  -0.529209;0.119075;0.084721;,
  -0.544654;0.110391;0.089327;,
  -0.573656;0.105521;0.087994;,
  -0.606319;0.272825;0.055663;,
  -0.733086;-0.236205;0.056888;,
  -0.725592;-0.310035;0.074837;,
  -0.737308;-0.315479;0.017327;,
  -0.733395;-0.238552;0.014628;,
  -0.728428;-0.162183;0.048230;,
  -0.718269;-0.174729;0.011776;,
  -0.635319;-0.136918;0.024695;,
  -0.636965;-0.156297;0.007978;,
  -0.551580;-0.109793;0.009409;,
  -0.555243;-0.129668;0.003769;,
  -0.541855;-0.109423;0.001867;,
  -0.528516;-0.099877;0.042044;,
  -0.723463;-0.380617;0.086327;,
  -0.744501;-0.380821;0.019754;,
  -0.604690;-0.351225;0.090320;,
  -0.627536;-0.332112;0.146708;,
  -0.632914;-0.257238;0.144466;,
  -0.617756;-0.279624;0.078302;,
  -0.641313;-0.184425;0.130867;,
  -0.632127;-0.207824;0.069282;,
  -0.668845;-0.197937;0.070818;,
  -0.684353;-0.171106;0.115271;,
  -0.602078;-0.174139;0.132297;,
  -0.601464;-0.218448;0.060018;,
  -0.411688;-0.145110;-0.000139;,
  -0.442497;-0.161305;0.048823;,
  -0.529209;0.119075;0.084721;,
  -0.536409;-0.086278;0.054657;,
  -0.632336;-0.097208;0.074533;,
  -0.736022;-0.139342;0.095755;,
  -0.719185;-0.211622;0.113587;,
  -0.699753;-0.281771;0.127455;,
  -0.677101;-0.354847;0.143095;,
  -0.616750;-0.174857;-0.118122;,
  -0.447215;-0.165861;-0.046871;,
  -0.508837;-0.164536;-0.095391;,
  -0.696204;-0.167524;-0.093623;,
  -0.659657;-0.187957;-0.113906;,
  -0.663620;-0.261431;-0.125866;,
  -0.669985;-0.334782;-0.124821;,
  -0.499150;-0.158297;0.100654;;
  916;
  3;0,2,1;,
  3;2,0,3;,
  3;4,6,5;,
  3;6,4,7;,
  3;8,10,9;,
  3;10,8,11;,
  3;12,14,13;,
  3;14,12,15;,
  3;16,12,17;,
  3;12,16,15;,
  3;18,20,19;,
  3;20,18,16;,
  3;5,22,21;,
  3;22,5,6;,
  3;13,24,23;,
  3;24,13,14;,
  3;25,27,26;,
  3;27,25,28;,
  3;29,31,30;,
  3;31,29,32;,
  3;31,33,30;,
  3;33,31,34;,
  3;35,37,36;,
  3;37,35,38;,
  3;38,39,37;,
  3;39,38,40;,
  3;36,42,41;,
  3;42,36,37;,
  3;37,43,42;,
  3;43,37,39;,
  3;41,31,32;,
  3;31,41,42;,
  3;42,34,31;,
  3;34,42,43;,
  3;44,46,45;,
  3;46,44,47;,
  3;48,50,49;,
  3;50,48,51;,
  3;49,53,52;,
  3;53,49,50;,
  3;54,56,55;,
  3;56,54,57;,
  3;57,58,56;,
  3;58,57,59;,
  3;55,61,60;,
  3;61,55,56;,
  3;56,62,61;,
  3;62,56,58;,
  3;60,50,51;,
  3;50,60,61;,
  3;61,53,50;,
  3;53,61,62;,
  3;32,20,63;,
  3;20,32,29;,
  3;64,66,65;,
  3;66,64,19;,
  3;13,67,12;,
  3;67,13,68;,
  3;68,69,67;,
  3;69,68,70;,
  3;70,41,69;,
  3;41,70,36;,
  3;48,34,51;,
  3;34,48,33;,
  3;51,43,60;,
  3;43,51,34;,
  3;43,55,60;,
  3;55,43,39;,
  3;39,54,55;,
  3;54,39,40;,
  3;12,63,17;,
  3;63,12,67;,
  3;67,32,63;,
  3;32,67,69;,
  3;69,41,32;,
  3;71,72,25;,
  3;73,75,74;,
  3;75,73,76;,
  3;75,77,74;,
  3;77,75,78;,
  3;79,78,80;,
  3;78,79,77;,
  3;81,83,82;,
  3;83,85,84;,
  3;85,83,86;,
  3;87,89,88;,
  3;89,90,88;,
  3;90,89,91;,
  3;92,94,93;,
  3;92,88,94;,
  3;92,87,88;,
  3;88,95,94;,
  3;95,88,90;,
  3;96,94,83;,
  3;94,86,83;,
  3;86,94,95;,
  3;97,99,98;,
  3;99,97,100;,
  3;100,101,99;,
  3;101,100,102;,
  3;103,105,104;,
  3;105,103,106;,
  3;106,107,105;,
  3;107,106,108;,
  3;104,110,109;,
  3;110,104,105;,
  3;105,111,110;,
  3;111,105,107;,
  3;109,100,97;,
  3;100,109,110;,
  3;110,102,100;,
  3;102,110,111;,
  3;112,114,113;,
  3;114,112,115;,
  3;116,118,117;,
  3;118,116,119;,
  3;120,122,121;,
  3;122,120,123;,
  3;120,125,124;,
  3;125,120,121;,
  3;126,125,127;,
  3;125,126,124;,
  3;95,97,86;,
  3;97,95,109;,
  3;86,98,85;,
  3;98,86,97;,
  3;90,103,104;,
  3;103,90,91;,
  3;104,95,90;,
  3;95,104,109;,
  3;128,96,129;,
  3;96,128,93;,
  3;129,130,128;,
  3;130,129,131;,
  3;72,28,25;,
  3;28,72,132;,
  3;9,133,8;,
  3;134,136,135;,
  3;136,134,137;,
  3;81,137,134;,
  3;138,11,139;,
  3;138,10,11;,
  3;138,140,10;,
  3;141,11,142;,
  3;11,141,139;,
  3;128,130,143;,
  3;93,144,92;,
  3;93,143,144;,
  3;93,128,143;,
  3;145,87,146;,
  3;87,145,147;,
  3;74,148,73;,
  3;148,74,149;,
  3;150,147,145;,
  3;7,149,74;,
  3;148,151,73;,
  3;102,152,101;,
  3;152,102,126;,
  3;102,124,126;,
  3;124,102,111;,
  3;111,120,124;,
  3;120,111,107;,
  3;120,108,123;,
  3;108,120,107;,
  3;8,154,153;,
  3;154,8,133;,
  3;153,155,8;,
  3;155,153,156;,
  3;121,113,114;,
  3;113,121,122;,
  3;122,112,113;,
  3;112,122,157;,
  3;158,125,159;,
  3;125,158,127;,
  3;159,121,114;,
  3;121,159,125;,
  3;126,160,152;,
  3;160,126,161;,
  3;162,122,123;,
  3;122,162,163;,
  3;122,164,157;,
  3;164,122,163;,
  3;165,126,127;,
  3;126,165,161;,
  3;161,166,160;,
  3;166,161,167;,
  3;162,117,163;,
  3;117,162,116;,
  3;163,118,164;,
  3;118,163,117;,
  3;165,167,161;,
  3;167,165,168;,
  3;169,171,170;,
  3;171,169,172;,
  3;173,175,174;,
  3;175,173,176;,
  3;177,179,178;,
  3;179,177,173;,
  3;180,179,181;,
  3;179,180,182;,
  3;183,169,170;,
  3;169,183,184;,
  3;175,186,185;,
  3;186,175,176;,
  3;45,187,44;,
  3;187,45,188;,
  3;180,169,182;,
  3;169,180,172;,
  3;19,29,66;,
  3;20,29,19;,
  3;29,30,189;,
  3;30,190,189;,
  3;190,30,33;,
  3;33,191,190;,
  3;191,33,48;,
  3;191,49,192;,
  3;49,191,48;,
  3;192,52,193;,
  3;52,192,49;,
  3;194,170,186;,
  3;170,194,183;,
  3;170,185,186;,
  3;185,170,171;,
  3;186,176,194;,
  3;194,173,177;,
  3;173,194,176;,
  3;179,174,181;,
  3;174,179,173;,
  3;178,182,184;,
  3;182,178,179;,
  3;182,169,184;,
  3;16,17,20;,
  3;17,63,20;,
  3;66,195,65;,
  3;196,198,197;,
  3;198,196,199;,
  3;200,153,154;,
  3;153,200,201;,
  3;202,204,203;,
  3;205,207,206;,
  3;196,209,208;,
  3;209,196,197;,
  3;210,208,211;,
  3;208,210,196;,
  3;212,214,213;,
  3;214,212,215;,
  3;212,213,211;,
  3;201,217,216;,
  3;217,201,200;,
  3;218,220,219;,
  3;220,218,216;,
  3;210,199,196;,
  3;214,205,206;,
  3;221,223,222;,
  3;197,198,224;,
  3;224,226,225;,
  3;226,224,198;,
  3;227,214,206;,
  3;228,229,213;,
  3;229,228,230;,
  3;219,232,231;,
  3;214,228,213;,
  3;156,201,233;,
  3;201,156,153;,
  3;233,216,218;,
  3;216,233,201;,
  3;220,216,234;,
  3;235,220,234;,
  3;236,238,237;,
  3;238,236,239;,
  3;208,240,211;,
  3;240,208,241;,
  3;211,242,212;,
  3;242,211,240;,
  3;243,239,244;,
  3;239,243,238;,
  3;244,236,245;,
  3;236,244,239;,
  3;246,221,222;,
  3;221,246,215;,
  3;221,212,247;,
  3;212,221,215;,
  3;199,248,1;,
  3;248,199,249;,
  3;133,9,250;,
  3;249,210,251;,
  3;210,249,199;,
  3;210,211,251;,
  3;252,2,253;,
  3;2,252,1;,
  3;19,254,18;,
  3;254,19,64;,
  3;23,68,13;,
  3;68,23,255;,
  3;68,256,70;,
  3;256,68,255;,
  3;256,36,70;,
  3;36,256,257;,
  3;258,1,252;,
  3;1,258,199;,
  3;257,259,36;,
  3;36,259,35;,
  3;260,203,261;,
  3;203,260,202;,
  3;262,263,222;,
  3;263,262,264;,
  3;198,258,226;,
  3;258,198,199;,
  3;265,204,227;,
  3;265,206,266;,
  3;206,265,227;,
  3;222,267,246;,
  3;267,222,263;,
  3;89,87,147;,
  3;82,83,84;,
  3;78,16,18;,
  3;16,78,75;,
  3;75,15,16;,
  3;15,75,76;,
  3;15,71,14;,
  3;71,15,76;,
  3;14,268,24;,
  3;268,14,71;,
  3;248,269,1;,
  3;1,269,0;,
  3;135,129,134;,
  3;129,135,131;,
  3;134,96,81;,
  3;96,134,129;,
  3;96,83,81;,
  3;94,96,93;,
  3;29,189,66;,
  3;205,215,246;,
  3;267,205,246;,
  3;205,267,207;,
  3;205,214,215;,
  3;187,188,270;,
  3;224,272,271;,
  3;223,221,209;,
  3;224,223,197;,
  3;271,273,262;,
  3;273,271,272;,
  3;263,275,274;,
  3;273,276,262;,
  3;277,272,278;,
  3;272,277,273;,
  3;223,271,262;,
  3;271,223,224;,
  3;223,209,197;,
  3;208,221,247;,
  3;221,208,209;,
  3;222,223,262;,
  3;266,207,279;,
  3;207,266,206;,
  3;207,280,279;,
  3;280,207,267;,
  3;280,263,274;,
  3;263,280,267;,
  3;264,262,276;,
  3;76,73,72;,
  3;138,281,140;,
  3;73,132,72;,
  3;132,73,151;,
  3;72,71,76;,
  3;272,225,278;,
  3;155,11,8;,
  3;276,277,282;,
  3;277,276,273;,
  3;275,276,282;,
  3;276,275,264;,
  3;28,141,27;,
  3;141,28,139;,
  3;139,132,138;,
  3;132,139,28;,
  3;132,281,138;,
  3;281,132,151;,
  3;281,148,283;,
  3;148,281,151;,
  3;283,149,284;,
  3;149,283,148;,
  3;7,284,149;,
  3;284,7,4;,
  3;6,79,22;,
  3;79,6,77;,
  3;77,7,74;,
  3;7,77,6;,
  3;5,3,4;,
  3;3,5,2;,
  3;285,137,82;,
  3;137,285,136;,
  3;137,81,82;,
  3;92,146,87;,
  3;146,92,144;,
  3;2,21,253;,
  3;21,2,5;,
  3;286,213,229;,
  3;251,211,286;,
  3;213,286,211;,
  3;234,216,217;,
  3;227,202,228;,
  3;202,230,228;,
  3;230,202,260;,
  3;232,220,235;,
  3;228,214,227;,
  3;26,71,25;,
  3;71,26,268;,
  3;155,142,11;,
  3;18,80,78;,
  3;80,18,254;,
  3;272,224,225;,
  3;275,263,264;,
  3;202,227,204;,
  3;232,219,220;,
  3;287,289,288;,
  3;289,287,290;,
  3;291,288,292;,
  3;288,291,287;,
  3;293,292,294;,
  3;292,293,291;,
  3;295,294,296;,
  3;294,295,293;,
  3;296,297,295;,
  3;298,290,299;,
  3;290,298,289;,
  3;300,302,301;,
  3;302,300,303;,
  3;304,300,305;,
  3;300,304,303;,
  3;306,305,307;,
  3;305,306,304;,
  3;308,306,307;,
  3;306,308,309;,
  3;308,310,309;,
  3;145,146,311;,
  3;312,314,313;,
  3;314,312,315;,
  3;316,318,317;,
  3;318,316,319;,
  3;320,322,321;,
  3;322,320,323;,
  3;324,326,325;,
  3;326,324,327;,
  3;328,324,325;,
  3;324,328,329;,
  3;330,331,328;,
  3;331,330,332;,
